24.26457611	3.00098E-20
25.56657974	2.00061E-20
28.83652202	8.00201E-21
30		6.00E-21
32.20133121	3.4562E-21
36.89596967	1.25157E-21
40		7.25E-22
42.61246764	4.62481E-22
50		2.00E-22
60		1.1645E-22
70		8.40675E-23
80		6.41092E-23
90		5.1096E-23
100		4.23915E-23
118.8609919	3.29008E-23
139.7233867	2.83537E-23
163.3489222	2.69586E-23
200		2.90822E-23
226.8947504	3.54366E-23
251.1930482	5.61318E-23
269.1574138	1.9985E-22
271.4342431	4.54699E-22
275.4264929	1.89044E-21
279.0517937	4.54699E-22
281.164853	1.9985E-22
294.4854546	5.61318E-23
313.9140389	3.29008E-23
354.8139078	2.58088E-23
398.1054252	2.57232E-23
457.0828457	2.71587E-23
512.8531396	3.09565E-23
539.3330946	1.06903E-22
544.3160049	6.00065E-22
549.5296306	3.58863E-21
554.7518459	6.00065E-22
559.8354835	1.06903E-22
570.9475548	3.74142E-23
602.5446164	3.04041E-23
758.5509694	3.23825E-23
794.2980536	3.41073E-23
808.8845111	4.00E-23
831.7309521	5.18922E-23
842.0593967	4.19517E-23
851.103211	3.48987E-23
870.9266787	3.40294E-23
953.0769169	3.45902E-23
1023.242148	3.53679E-23
1071.462934	3.65668E-23
1078.351181	4.60224E-23
1087.196569	6.17005E-23
1096.420511	8.35532E-23
1105.92795	6.17005E-23
1117.616266	4.2654E-23
1121.957786	3.72259E-23
1148.089863	3.65564E-23
1213.70382	3.68917E-23
1282.145445	3.74142E-23
1348.878116	3.83499E-23
1364.264101	4.19517E-23
1380.295506	4.6016E-23
1404.887451	3.99983E-23
1412.444655	3.83307E-23
1496.1635		3.86449E-23
1621.693966	3.97053E-23
1698.117085	3.99621E-23
1820.658464	4.09386E-23
2041.04582	4.36341E-23
2344.019847	5.02565E-23
2664.814897	6.2447E-23
2876.509607	7.37157E-23
3252.330856	1.00001E-22
3630.382617	1.34138E-22
4202.372461	2.00009E-22
4875.172331	3.0002E-22
5651.944556	4.49227E-22
8417.936318	1.28943E-21
