24.264576109999997  3.059703285491031e-5
24.407060884244498  2.7215968824437233e-5
24.550382347776278  2.420852252455794e-5
24.694545413744592  2.1533408073858987e-5
24.839555024149362  1.9153901804827422e-5
24.985416150010582  1.7037338125512198e-5
25.13213379153872  1.5154661089986116e-5
25.279712978306144  1.3480025521617881e-5
25.428158769419525  1.1990442213421806e-5
25.577476253693288  1.0665462334833187e-5
25.727670549824  9.486896712484523e-6
25.87874680656594  8.4385661312972e-6
26.030710202907514  7.506079228054244e-6
26.183565948248837  6.676634928399456e-6
26.33731928258031  5.938846715141727e-6
26.491975476662237  5.294118178785822e-6
26.647539832205524  4.737465853548632e-6
26.80401768205341  4.239342975658059e-6
26.9614143903643  3.8054897193748162e-6
27.119735352795633  3.425870869028083e-6
27.278985996688863  3.08412111889329e-6
27.439171781255496  2.7764628147534773e-6
27.600298197764253  2.508460637613092e-6
27.762370769729305  2.2718293279030606e-6
27.925395053099614  2.0575202248465797e-6
28.089376636449426  1.863427601562024e-6
28.25432114116978  1.6876443712829872e-6
28.42023422166131  1.5293516437480905e-6
28.58712156552801  1.3934254567086723e-6
28.75498889377224  1.2695801592400769e-6
28.923841960990824  1.1567420223133226e-6
29.093686555572347  1.053932748119211e-6
29.264528499895565  9.60260988302919e-7
29.436373650529003  8.749146160436039e-7
29.609227898431726  7.971536849784564e-7
29.78309716915529  7.285089759468027e-7
29.95798742304686  6.677582593495622e-7
30.133904655453538  6.120735744539672e-7
30.310854896927907  5.610324624210127e-7
30.488844213434728  5.14247693459045e-7
30.667878706558916  4.713643290564128e-7
30.847964513714697  4.3205702919598075e-7
31.02910780835596  3.9602758412233877e-7
31.211314800187967  3.630026519361051e-7
31.394591735380178  3.3273168485137337e-7
31.578944896780367  3.0587300439645977e-7
31.76438060413002  2.820547937614503e-7
31.950905214280976  2.600912978273114e-7
32.13852512141334  2.3983809068924624e-7
32.32724675725468  2.2116199283089832e-7
32.51707659130051  2.039401953725093e-7
32.70802113103608  1.880594525135178e-7
32.90008692215944  1.73415336859343e-7
33.093280548805836  1.5991155273557858e-7
33.287608633773424  1.4745930297413626e-7
33.4830778387503  1.3597670500750674e-7
33.67969486454286  1.2538825243153025e-7
33.87746645130553  1.1586656940505547e-7
34.0763993787718  1.0748762326527628e-7
34.27650046648661  9.971460460547582e-8
34.47777657404021  9.250369549140864e-8
34.680234601303255  8.581424670361036e-8
34.88388148866333  7.960854859027825e-8
35.08872421726289  7.385161849103598e-8
35.29476980923859  6.851100353325121e-8
35.502025327961974  6.355659768922819e-8
35.710497878281636  5.896047206300083e-8
35.92019460676678  5.469671745001377e-8
36.131122701952194  5.074129828217594e-8
36.34328939458469  4.707191713494881e-8
36.55670195787096  4.3728340182218024e-8
36.771367707726945  4.0810440220364714e-8
36.987294003028595  3.808724557208832e-8
37.20448824586413  3.554576396224915e-8
37.42295788178783  3.317387006283961e-8
37.6427104000752  3.09602476434309e-8
37.8637533339798  2.889433558179557e-8
38.08609426099143  2.6966277477129924e-8
38.3097408030959  2.5166874625479005e-8
38.53470062703632  2.3487542133011858e-8
38.760981444575926  2.192026795776625e-8
38.988591012762434  2.045757468445073e-8
39.21753713419397  1.9092483849934073e-8
39.447827657286524  1.787319925406645e-8
39.67947047654304  1.6781027869343086e-8
39.91247353282398  1.57555954224368e-8
40.14684481361963  1.4792823720233101e-8
40.38259235332382  1.3888883774349107e-8
40.61972423350943  1.3040180573066274e-8
40.85824858320538  1.2243338783799704e-8
41.09817357917531  1.1495189329241528e-8
41.33950744619792  1.0792756783791159e-8
41.58225845734882  1.0133247540147864e-8
41.82643493428427  9.51403869900267e-9
42.07204524752637  8.935236659923951e-9
42.31909781675002  8.439763880349567e-9
42.56760111107156  7.97176583755527e-9
42.81756364933908  7.529719014624998e-9
43.06899400042448  7.112184376026845e-9
43.321900783517194  6.717802682988908e-9
43.576292668419654  6.345290068644678e-9
43.832178375844535  5.9934338585435974e-9
44.08956667771366  5.661088622920801e-9
44.34846639745873  5.347172447874663e-9
44.60888641032381  5.050663413313224e-9
44.870835643669544  4.795089874209159e-9
45.13432307727921  4.55647470201041e-9
45.3993577436666  4.329733593050725e-9
45.66594872838551  4.114275665465807e-9
45.934105170341375  3.909539441090002e-9
46.20383626210449  3.7149913822577673e-9
46.47515125022508  3.5301245014173926e-9
46.748059435550374  3.354457039933644e-9
47.02257017354336  3.187531212636384e-9
47.29869287460354  3.036370522095087e-9
47.57643700438953  2.9026518810137882e-9
47.85581208414354  2.774822071628922e-9
48.13682769101772  2.652621755837228e-9
48.41949345840257  2.535803016519308e-9
48.70381907625708  2.42412885457123e-9
48.989814291440986  2.3173727080863244e-9
49.27748890804883  2.2153179927117393e-9
49.5668527877461  2.1177576622472072e-9
49.85791585010731  2.0244937885945825e-9
50.150688072955916  1.946099777433934e-9
50.445179492706565  1.8716009844773523e-9
50.74140020470902  1.799954085455672e-9
51.03936036359423  1.7310499068012112e-9
51.3390701836225  1.6647834542278787e-9
51.64053993903362  1.6010537527438134e-9
51.94377996439904  1.5397636927884618e-9
52.24880065497617  1.4808198822597097e-9
52.55561246706475  1.4241325042055774e-9
52.86422591836527  1.369615179963628e-9
53.17465158833955  1.3198494223109222e-9
53.486900118573395  1.2769694980115623e-9
53.80098221314138  1.2354826780139814e-9
54.11690863897384  1.195343702452928e-9
54.43469022622592  1.1565087818881623e-9
54.75433786864885  1.1189355495325498e-9
55.07586252396344  1.0825830150322026e-9
55.39927521423558  1.0474115197482378e-9
55.72458702625426  1.0133826934913441e-9
56.051809111911545  9.804594126620002e-10
56.380952688584834  9.486057597506487e-10
56.71202903952147  9.17786984153638e-10
57.04504951422548  8.879694642622107e-10
57.3800255288467  8.597579368503112e-10
57.716968566572056  8.368359054318955e-10
58.05589017801928  8.145249989613594e-10
58.39680198163285  7.928089242186521e-10
58.739715664082254  7.716718223777365e-10
59.08464298066265  7.510982574252004e-10
59.43159575569783  7.310732048876331e-10
59.78058588294556  7.115820408595497e-10
60.13162532600532  6.926105313238338e-10
60.484726118728446  6.741448217569142e-10
60.839900365630534  6.561714270110803e-10
61.19716024230657  6.386772214665341e-10
61.55651799584821  6.216494294460094e-10
61.91798594526363  6.05075615884946e-10
62.28157648189985  5.889436772504014e-10
62.647302069867486  5.732418327020779e-10
63.01517524646807  5.579586154890041e-10
63.38520862262379  5.430828645755917e-10
63.75741488330984  5.286240693624208e-10
64.13180678798926  5.176295020846847e-10
64.5083971710503  5.068636048895856e-10
64.88719894224646  4.963216217912459e-10
65.26822508713896  4.859988957209782e-10
65.651488667542  4.75890866469956e-10
66.03700282197039  4.65993068674683e-10
66.42478076609014  4.5630112984434915e-10
66.81483579317123  4.468107684292298e-10
67.20718127454356  4.375177919292438e-10
67.60183066005523  4.2841809504186206e-10
67.9987974785336  4.1950765784853083e-10
68.39809533824909  4.1078254403881744e-10
68.79973792738164  4.0223889917148976e-10
69.20373901449003  3.938729489717622e-10
69.61011244898376  3.856809976639583e-10
70.01887216159791  3.776594263388482e-10
70.43003216487068  3.6980469135494657e-10
70.84360655362372  3.621133227730579e-10
71.2596095054453  3.545819228233837e-10
71.67805528117637  3.4720716440450877e-10
72.09895822539943  3.39985789613608e-10
72.5223327669302  3.329146083072226e-10
72.94819341931235  3.2599049669196957e-10
73.37655478131498  3.1921039594456026e-10
73.80743153743298  3.1257131086052693e-10
74.24083845839063  3.072817418134854e-10
74.67679040164782  3.027030648920803e-10
75.11530231190936  2.981926129235375e-10
75.55638922163737  2.9374936931632305e-10
76.00006625156654  2.893723326267098e-10
76.44634861122246  2.8506051633306464e-10
76.89525159944313  2.8081294861350177e-10
77.34679060490325  2.766286721268476e-10
77.8009811066419  2.7250674379686916e-10
78.25783867459307  2.684462345997191e-10
78.71737897011947  2.6444622935454617e-10
79.17961774654937  2.6050582651722696e-10
79.64457084971664  2.566241379771707e-10
80.112254218504  2.5280028885715123e-10
80.58268388538941  2.490334173161228e-10
81.0558759769955  2.45322674354974e-10
81.53184671464265  2.416672236251736e-10
82.01061241490501  2.3806624124027077e-10
82.4921894901697  2.3451891559020304e-10
82.97659444919957  2.310244471583703e-10
83.46384389769908  2.2758204834143565e-10
83.95395453888356  2.2419094327181032e-10
84.44694317405187  2.208503676427847e-10
84.9428267031622  2.1755956853626445e-10
85.4416221254116  2.1431780425307295e-10
85.94334653981858  2.1112434414578367e-10
86.44801714580936  2.0797846845404203e-10
86.95565124380744  2.0487946814234212e-10
87.46626623582667  2.0182664474021998e-10
87.97987962606781  1.9881931018482825e-10
88.49650902151859  1.9585678666585692e-10
89.01617213255733  1.9293840647276397e-10
89.53888677355987  1.9071013972403997e-10
90.06467086351053  1.8900000763479097e-10
90.59354242661621  1.8730521060725886e-10
91.12551959292436  1.8562561112918968e-10
91.6606205989444  1.8396107292142673e-10
92.19886378827296  1.823114609268531e-10
92.74026761222262  1.8067664129943314e-10
93.28485063045456  1.7905648139335277e-10
93.83263151161468  1.7745084975225662e-10
94.38362903397362  1.7585961609858234e-10
94.93786208607051  1.7428265132298958e-10
95.49534966736046  1.7271982747388483e-10
96.05611088886583  1.711710177470395e-10
96.62016497383146  1.696360964753012e-10
97.18753125838359  1.6811493911839763e-10
97.75822919219277  1.6660742225283115e-10
98.33227833914042  1.6511342356186546e-10
98.90969837798981  1.6363282182559966e-10
99.4905091030604  1.62165496911134e-10
100.07473042490648  1.60711329762822e-10
100.66238237099991  1.592702023926098e-10
101.25348508641613  1.57841997870465e-10
101.84805883452552  1.5642660031488636e-10
102.44612399768734  1.550238948835039e-10
103.04770107794872  1.536337677637596e-10
103.65281069774778  1.5225610616367254e-10
104.26147360061996  1.5089079830268867e-10
104.87371065190983  1.495377334026093e-10
105.48954283948557  1.4819680167860457e-10
106.10899127445933  1.4686789433030427e-10
106.73207719191005  1.4555090353297125e-10
107.35882195161224  1.4424572242875146e-10
107.9892470387674  1.429522451180053e-10
108.6233740647414  1.4167036665071324e-10
109.26122476780442  1.406050304169291e-10
109.90282101387706  1.4018349103120493e-10
110.54818479727903  1.3976321543706204e-10
111.19733824148406  1.3934419984560366e-10
111.8503035998773  1.3892644047929253e-10
112.50710325651919  1.3850993357191637e-10
113.16775972691197  1.380946753685543e-10
113.83229565877184  1.3768066212554292e-10
114.50073383280575  1.3726789011044215e-10
115.17309716349143  1.368563556020023e-10
115.84940869986393  1.3644605489012985e-10
116.5296916263048  1.3603698427585447e-10
117.21396926333775  1.356291400712953e-10
117.90226506842723  1.352225185996281e-10
118.59460263678345  1.3481711619505167e-10
119.29100570217032  1.3441292920275531e-10
119.99149813772003  1.3400995397888528e-10
120.69610395675039  1.336081868905125e-10
121.40484731358912  1.3320762431559936e-10
122.11775250440078  1.3280826264296743e-10
122.8348439680207  1.324100982722646e-10
123.5561462867918  1.320131276139329e-10
124.28168418740819  1.3161734708917576e-10
125.011482541762  1.3122275312992623e-10
125.74556636779643  1.3082934217881453e-10
126.48396083036361  1.304371106891358e-10
127.22669124208657  1.3004605512481864e-10
127.97378306422785  1.2965617196039264e-10
128.72526190756133  1.2926745768095714e-10
129.48115353325124  1.2887990878214905e-10
130.2414838537343  1.284935217701118e-10
131.00627893360888  1.281082931614632e-10
131.77556499052758  1.2772421948326465e-10
132.5493683960971  1.273412972729894e-10
133.32771567678108  1.2695952307849154e-10
134.11063351481056  1.265788934579748e-10
134.89814874909766  1.2619940497996165e-10
135.69028837615656  1.258210542232621e-10
136.48707955102824  1.2544383777694316e-10
137.2885495882115  1.257721928358074e-10
138.0947259626  1.2615039666365607e-10
138.90563631042292  1.2652973777099522e-10
139.72130843019363  1.2691021957768638e-10
140.54177028366144  1.272918455138744e-10
141.36704999677124  1.2767461902001908e-10
142.19717586062666  1.2805854354692558e-10
143.03217633246095  1.2844362255577612e-10
143.87208003661138  1.2882985951816055e-10
144.71691576550165  1.2921725791610835e-10
145.5667124806278  1.296058212421193e-10
146.42149931355215  1.2999555299919557e-10
147.28130556690076  1.3038645670087287e-10
148.14616071536918  1.307785358712525e-10
149.01609440673164  1.3117179404503273e-10
149.89113646285855  1.3156623476754102e-10
150.77131688073786  1.3196186159476567e-10
151.65666583350375  1.3235867809338804e-10
152.54721367147144  1.3275668784081495e-10
153.44299092317655  1.3315589442521028e-10
154.34402829642298  1.3355630144552814e-10
155.25035667933412  1.3395791251154444e-10
156.16200714141326  1.3436073124389033e-10
157.07901093460708  1.3476476127408395e-10
158.0013994943786  1.3517000624456412e-10
158.92920444078325  1.355764698087221e-10
159.86245757955427  1.3598415563093566e-10
160.80119090319164  1.3639306738660106e-10
161.7454365920602  1.3680320876216706e-10
162.69522701549144  1.3721458345516748e-10
163.65059473289446  1.3762719517425512e-10
164.6115724948708  1.3804104763923454e-10
165.57819324433862  1.3845614458109635e-10
166.5504901176605  1.3887248974205012e-10
167.5284964457803  1.392900868755586e-10
168.5122457553659  1.3970893974637147e-10
169.50177176995763  1.40129052130559e-10
170.49710841112542  1.4055042781554657e-10
171.49828979963053  1.4097307060014836e-10
172.50535025659644  1.4139698429460191e-10
173.5183243046841  1.4182217272060224e-10
174.53724666927675  1.4224863971133655e-10
175.56215227966894  1.426763891115185e-10
176.59307627026527  1.4310542477742315e-10
177.63005398178353  1.4353575057692138e-10
178.67312096246758  1.4396737038951536e-10
179.7223129693044  1.444002881063726e-10
180.7776659692515  1.448345076303621e-10
181.83921614046855  1.4527003287608862e-10
182.90699987355802  1.4570686776992838e-10
183.98105377281345  1.4614501625006474e-10
185.06141465747277  1.4658448226652293e-10
186.14811956298206  1.4702526978120662e-10
187.24120574226367  1.4746738276793267e-10
188.34071066699477  1.4791082521246782e-10
189.4466720288903  1.4835560111256383e-10
190.55912774099676  1.4880171447799434e-10
191.67811593899017  1.4924916933059026e-10
192.8036749824851  1.4969796970427659e-10
193.93584345634795  1.5014811964510836e-10
195.07466017202134  1.5059962321130752e-10
196.22016416885302  1.510524844732991e-10
197.37239471543563  1.5150670751374835e-10
198.5313913109514  1.5196229642759705e-10
199.69719368652773  1.5241925532210102e-10
200.86984180659778  1.5287758831686652e-10
202.04937587027112  1.5333729954388773e-10
203.23583631271242  1.5379839314758422e-10
204.42926380652602  1.542608732848377e-10
205.62969926315208  1.5472474412503022e-10
206.83718383426717  1.5519000985008104e-10
208.05175891319678  1.556566746544849e-10
209.27346613633262  1.5612474274534948e-10
210.50234738456155  1.5659421834243366e-10
211.73844478469965  1.5706510567818506e-10
212.98180071093813  1.5753740899777887e-10
214.23245778629402  1.5801113255915531e-10
215.49045888407323  1.58486280633059e-10
216.75584712933852  1.5896285750307633e-10
218.02866590038948  1.5944086746567522e-10
219.30895883024792  1.5992031483024282e-10
220.5967698081553  1.6040120391912527e-10
221.89214298107592  1.6088353906766596e-10
223.19512275521072  1.6136732462424481e-10
224.50575379752047  1.6185256495031802e-10
225.82408103725516  1.6233926442045634e-10
227.15014966749627  1.6282742742238555e-10
228.48400514670394  1.638225601558395e-10
229.8256932002774  1.65304878704772e-10
231.1752598221204  1.6680060974267048e-10
232.5327512762199  1.6830987462999497e-10
233.89821409823014  1.698327958253125e-10
235.2716950970697  1.71369496895235e-10
236.6532413565244  1.7292010252444355e-10
238.04290023686318  1.7448473852580665e-10
239.44071937645964  1.7606353185058655e-10
240.84674669342724  1.7765661059874208e-10
242.26103038725984  1.7926410402931986e-10
243.68361894048607  1.8088614257094474e-10
245.11456112032954  1.8252285783240014e-10
246.5539059803815  1.8417438261330775e-10
248.00170286228294  1.8584085091490308e-10
249.4580013974145  1.875223979509063e-10
250.92285150859985  1.8921916015849548e-10
252.39630341181493  1.9093127520937435e-10
253.87840761791156  1.9265888202094514e-10
255.36921493434684  1.9440212076757768e-10
256.868776466927  1.9616113289198515e-10
258.3771436215572  1.9793606111669826e-10
259.89436810600586  1.9972704945564744e-10
261.4205019316752  2.0153424322584605e-10
262.9555974153862  2.033577890591829e-10
264.49970718117004  2.051978349143174e-10
266.05288416207424  2.0705453008868743e-10
267.6151816019752  2.0892802523062027e-10
269.18665305740444  2.1081847235155724e-10
270.7673523993853  2.1272602483838847e-10
272.3573338152776  2.1465083746589603e-10
273.9566518106377  2.1659306640931453e-10
275.56536121108456  2.185528692570006e-10
277.1835171641815  2.2053040502322173e-10
278.8111751413244  2.2252583416105531e-10
280.4483909396456  2.245393185754109e-10
282.0952206839245  2.265710216361635e-10
283.75172082851344  2.2862110819141195e-10
285.41794815927136  2.3068974458085188e-10
287.093959795512  2.3277709864927452e-10
288.7798131919602  2.348833397601826e-10
290.47556614072374  2.370086388095354e-10
292.1812767732719  2.3915316823961113e-10
293.89700356243094  2.413171020530025e-10
295.62280532438604  2.4350061582673134e-10
297.3587412206991  2.4570388672649657e-10
299.104870760337  2.479270935210494e-10
300.8612538017103  2.5017041659669605e-10
302.62795055472674  2.5243403797193696e-10
304.40502158285375  2.547181413122323e-10
306.19252780519633  2.570229119449068e-10
307.99053049858327  2.593485368741845e-10
309.79909129967035  2.616952047963645e-10
311.6182722070504  2.6406310611512833e-10
313.4481355833815  2.664524329569921e-10
315.28874415752216  2.6886337918689206e-10
317.1401610266842  2.7129614042391756e-10
319.00244965859343  2.7375091405718e-10
320.8756738936675  2.762278992618317e-10
322.7598979472023  2.787272970152235e-10
324.6551864115756  2.8124931011321483e-10
326.561604258459  2.8379414318662495e-10
328.47921684104637  2.863620027178378e-10
330.4080898962951  2.8895309705755703e-10
332.34828954717733  2.915676364417078e-10
334.2998823049492  2.9420583300849817e-10
336.2629350714284  2.968679008156287e-10
338.2375151412902  2.995540558576635e-10
340.2236902043717  3.0226451608355253e-10
342.2215283479949  3.049995014143186e-10
344.2310980592981  3.07759233760898e-10
346.25246822758663  3.105439370421498e-10
348.2857081466913  3.133538372030198e-10
350.3308875173468  3.1618916223287744e-10
352.38807644957836  3.190501421840106e-10
354.4573454651077  3.2193700919029487e-10
356.53876549976854  3.248499974860257e-10
358.63240790593886  3.2778934342492485e-10
360.73834445498846  3.3075528549931904e-10
362.85664733973647  3.3374806435948724e-10
364.9873891769292  3.367679228331906e-10
367.13064300972655  3.39815105945371e-10
369.28648231020895  3.4288986093803573e-10
371.4549809818931  3.4599243729031443e-10
373.63621336226805  3.491230867387049e-10
375.8302542253412  3.522820632974949e-10
378.0371787842041  3.5546962327937623e-10
380.25706269360785  3.5868602531623694e-10
382.48998205255975  3.619315303801509e-10
384.736013406929  3.6520640180454803e-10
386.9952337520736  3.685109053055849e-10
389.2677205354769  3.718453090036998e-10
391.55355165940557  3.7520988344537256e-10
393.8528054835775  3.786049016250714e-10
396.16556082784905  3.820306390074053e-10
398.4918969749184  3.854873735494764e-10
400.8318936730404  3.889753857234285e-10
403.1856311387638  3.9249495853920884e-10
405.55319005967795  3.960463775675259e-10
407.93465159718164  3.996299309630253e-10
410.3300973892627  4.03245909487665e-10
412.7396095532994  4.068946065343119e-10
415.1632706888724  4.105763181505418e-10
417.6011638805997  4.142913430626664e-10
420.05337270098136  4.180399826999645e-10
422.5199812132677  4.218225412191461e-10
425.001073974338  4.256393255290242e-10
427.49673603760203  4.294906453154237e-10
430.0070529559129  4.333768130663019e-10
432.5321107845029  4.3729814409710955e-10
435.07199608393057  4.4125495657636926e-10
437.62679592304954  4.452475715514938e-10
440.1965978819945  4.492763129748368e-10
442.78149005518026  4.53341507729973e-10
445.38156105432546  4.574434856582261e-10
447.99690001148656  4.615825795854263e-10
450.62759658211706  4.657591253489202e-10
453.27374094813706  4.699734618248145e-10
455.93542382102873  4.742259309554779e-10
458.6127364449419  4.785168777772788e-10
461.3057705998261  4.828466504485872e-10
464.0146186045728  4.872156002780179e-10
466.73937332018386  4.916240817529402e-10
469.4801281529516  4.960724525682356e-10
472.23697705766375  5.005610736553241e-10
475.0100145408219  5.050903092114465e-10
477.79933566388195  5.096605267292161e-10
480.60503604651467  5.142720970264376e-10
483.4272118698801  5.1892539427619e-10
486.26595987992874  5.236207960371928e-10
489.12137739071386  5.283586832844332e-10
491.9935622877317  5.33139440440084e-10
494.882613031273  5.379634554046891e-10
497.78862865980227  5.42831119588643e-10
500.7117087933487  5.47742827943942e-10
503.65195363692555  5.526989789962372e-10
506.609463983961  5.576999748771628e-10
509.58434121975745  5.627462213569711e-10
512.5766873249631  5.678381278774496e-10
515.586604879072  5.729761075851476e-10
518.6141970639361  5.781605773648929e-10
521.6595676673072  5.83391957873623e-10
524.7228210863907  5.886706735745099e-10
527.8040623314258  5.939971527714035e-10
530.9033970292877  5.993718276435859e-10
534.0209314271037  6.047951342808302e-10
537.1567723959009  6.102675127187924e-10
540.3110274342647  6.157894069747074e-10
543.4838046720284  6.213612650834225e-10
546.6752128739759  6.269835391337425e-10
549.885361443574  6.326566853051196e-10
553.1143604267191  6.383811639046585e-10
556.3623205155138  6.441574394044727e-10
559.6293530520568  6.499859804793628e-10
562.9155700322646  6.558672600448517e-10
566.2210841097061  6.618017552955489e-10
569.546008599469  6.677899477438751e-10
572.89045748204  6.738323232591255e-10
576.254545407216  6.799293721068979e-10
579.6383876980312  6.860815889888665e-10
583.0421003547117  6.922894730829234e-10
586.4658000586539  6.985535280836837e-10
589.9096041764202  7.04874262243347e-10
593.3736307637673  7.112521884129447e-10
596.8579985696886  7.17687824083943e-10
600.3628270404892  7.241816914302391e-10
603.8882363238763  7.307343173505214e-10
607.4343472730828  7.373462335110297e-10
611.0012814510051  7.440179763886834e-10
614.5891611343752  7.507500873146211e-10
618.1981093179478  7.575431125181116e-10
621.8282497187213  7.643976031708853e-10
625.4797067801741  7.713141154318446e-10
629.1526056765356  7.782932104921981e-10
632.8470723170727  7.853354546209881e-10
636.5632333504082  7.924414192110387e-10
640.3012161688639  7.996116808253212e-10
644.0611489128237  8.068468212437274e-10
647.8431604751311  8.141474275102825e-10
651.6473805055026  8.215140919807677e-10
655.4739394149776  8.289474123707931e-10
659.3229683803837  8.364479918042835e-10
663.1945993488384  8.440164388624258e-10
667.0889650422677  8.516533676330385e-10
671.0061989619602  8.593593977604053e-10
674.9464353931397  8.671351544955447e-10
678.9098094095725  8.749812687469482e-10
682.8964568781936  8.828983771317648e-10
686.9065144637686  8.90887122027461e-10
690.9401196335743  8.989481516239337e-10
694.997410662116  9.070821199761139e-10
699.0785266358627  9.15289687057025e-10
703.1836074580177  9.235715188113351e-10
707.3127938533163  9.319282872093965e-10
711.4662273728451  9.40360670301756e-10
715.6440503988998  9.488693522741834e-10
719.8464061498613  9.574550235031728e-10
724.07343868511  9.661183806119695e-10
728.3252929099592  9.748601265270816e-10
732.6021145806283  9.836809705353255e-10
736.904050309233  9.925816283413632e-10
741.2312475688178  1.006239636129768e-9
745.5838546984054  1.021459984826906e-9
749.9620209080873  1.0369105560338194e-9
754.3658962841337  1.0525948320888558e-9
758.7956317941437  1.0685163480041112e-9
763.251379292215  1.0846786922621524e-9
767.7332915241557  1.1010855076248295e-9
772.241522132715  1.1177404919542851e-9
776.7762256628523  1.1346473990464055e-9
781.3375575670377  1.1518100394768833e-9
785.9256742105755  1.1692322814600463e-9
790.5407328769708  1.1869180517207208e-9
795.1828917733146  1.2048713363792346e-9
799.8523100357144  1.223096181849859e-9
804.549147734742  1.2415966957527838e-9
809.2735658809282  1.2603770478399465e-9
814.0257264302755  1.2794414709348045e-9
818.8057922898166  1.2987942618863816e-9
823.613927323192  1.3184397825376908e-9
828.4502963562749  1.3383824607088564e-9
833.3150651828136  1.3586267911950542e-9
838.208400570123  1.3791773367796044e-9
843.1304702647949  1.4000387292623319e-9
848.0814429984509  1.4212156705035161e-9
853.0614884935295  1.4427129334836386e-9
858.0707774690982  1.464535363379116e-9
863.1094816467127  1.4866878786543633e-9
868.1777737562965  1.5091754721703172e-9
873.2758275420699  1.5320032123097876e-9
878.4038177684981  1.5551762441197608e-9
883.5619202262898  1.578699790471059e-9
888.7503117384163  1.6025791532354671e-9
893.9691701661801  1.626819714480727e-9
899.2186744153051  1.6514269376835539e-9
904.4990044420767  1.6764063689610491e-9
909.8103412595035  1.701763638320691e-9
915.1528669435298  1.7275044609292887e-9
920.5267646392703  1.7536346384010637e-9
925.9322185672952  1.7801600601052896e-9
931.3694140299397  1.8070867044936363e-9
936.8385374176584  1.8344206404476442e-9
942.3397762154177  1.8621680286465775e-9
947.8733190091169  1.8903351229559176e-9
953.4393554920603  1.9189282718369382e-9
959.0380764714517  1.9479539197775126e-9
964.6696738749445  1.9774186087446564e-9
970.3343407572121  2.0073289796589492e-9
976.0322713065742  2.037691773891341e-9
981.7636608516461  2.068513834782527e-9
987.528705868042  2.0998021091853754e-9
993.327603985103  2.1315636490306076e-9
999.1605539926794  2.163805612916248e-9
1005.0277558479377  2.1965352677210225e-9
1010.9294106822231  2.2297599902422606e-9
1016.8657208079461  2.2634872688584623e-9
1022.836889725527  2.2977247052171336e-9
1028.8431221303636  2.332480015948036e-9
1034.884623919852  2.367761034402428e-9
1040.961602200448  2.40357571241861e-9
1047.0742652947597  2.43993212211411e-9
1053.222822748697  2.476838457705071e-9
1059.407485338646  2.5143030373530644e-9
1065.628465078705  2.55233430503994e-9
1071.8859752279413  2.590940832470913e-9
1078.1802302977123  2.630131321006569e-9
1084.5114460590103  2.6699146036239748e-9
1090.8798395498666  2.7102996469075455e-9
1097.2856290827845  2.7512955530699444e-9
1103.7290342522315  2.7929115620036444e-9
1110.2102759421575  2.8351570533633993e-9
1116.7295763335774  2.878041548680363e-9
1123.287158912177  2.9215747135080287e-9
1129.8832484759835  2.965766359600775e-9
1136.5180711430653  3.0106264471252468e-9
1143.1918543592851  3.0561650869052477e-9
1149.9048269061009  3.1023925427006055e-9
1156.6572189084009  3.1493192335204196e-9
1163.449261842402  3.1969557359714254e-9
1170.281188543574  3.245312786641734e-9
1177.1532332146332  3.2944012845207902e-9
1184.0656314335592  3.3442322934557635e-9
1191.0186201616816  3.394817044645261e-9
1198.0124377517934  3.44616693917061e-9
1205.0473239563307  3.4982935505655643e-9
1212.123519935583  3.55120862742474e-9
1219.2412682659697  3.604924096051669e-9
1226.400812948345  3.659452063146722e-9
1233.602399416374  3.7148048185358787e-9
1240.8462745449363  3.770994837940604e-9
1248.1326866585932  3.82803478578973e-9
1255.461885540104  3.885937518073861e-9
1262.8341224389808  3.9447160852428725e-9
1270.24965008011  4.004383735147367e-9
1277.7087226724072  4.064953916024473e-9
1285.2115959175408  4.126440279528962e-9
1292.758527018688  4.188856683810068e-9
1300.349774689362  4.252217196634983e-9
1307.9855991622703  4.316536098559458e-9
1315.6662621982468  4.381827886146526e-9
1323.3920270952133  4.448107275233713e-9
1331.1631586972173  4.51538920424989e-9
1338.9799234035  4.583688837582076e-9
1346.842589177639  4.653021568993379e-9
1354.7514255567237  4.723403025092421e-9
1362.7067036606068  4.794849068855466e-9
1370.7086962011874  4.867375803201609e-9
1378.757677491765  4.940999574622184e-9
1386.8539234564469  5.015736976865078e-9
1394.9977116395976  5.091604854674626e-9
1403.1893212153639  5.168620307588279e-9
1411.429032997234  5.246800693790496e-9
1419.7171294476757  5.326163634025135e-9
1428.0538946878078  5.40672701556681e-9
1436.4396145071512  5.488508996252538e-9
1444.8745763734146  5.571528008574142e-9
1453.3590694423606  5.655802763832789e-9
1461.8933845677063  5.74135225635613e-9
1470.4778143111064  5.8281957677794735e-9
1479.1126529521698  5.91635287139147e-9
1487.7981964985597  6.00584343654577e-9
1496.5347426961291  6.0966876331391686e-9
1505.3225910391404  6.188905936157756e-9
1514.16204278052  6.28251913029154e-9
1523.0534009421922  6.377548314619108e-9
1531.9969703254692  6.474014907363074e-9
1540.993057521491  6.571940650717343e-9
1550.0419709217472  6.671347615747622e-9
1559.1440207286362  6.772258207365784e-9
1568.2995189661121  6.8746951693797606e-9
1577.5087794903682  6.978681589619518e-9
1586.7721180006088  7.084240905140885e-9
1596.089852049859  7.1913969075077705e-9
1605.4623010558632  7.300173748154597e-9
1614.8897863120228  7.410595943829544e-9
1624.372630998422  7.522688382120412e-9
1633.9111601928946  7.636476327063792e-9
1643.505700882181  7.75198542483937e-9
1653.156581973125  7.869241709550055e-9
1662.864134303955  8.011103183148492e-9
1672.62869065563  8.181260820148104e-9
1682.4505857632353  8.355032643704437e-9
1692.3301563274717  8.532495419954514e-9
1702.2677410261833  8.713727545565286e-9
1712.2636805259829  8.898809082366701e-9
1722.318317493914  9.087821792719885e-9
1732.431996609214  9.280849175637083e-9
1742.6050645751145  9.477976503668236e-9
1752.837870130741  9.679290860571593e-9
1763.1307640630544  9.884881179783933e-9
1773.4840992188888  1.0094838283708408e-8
1783.898230517035  1.0309254923836324e-8
1794.3735149604197  1.0528225821721719e-8
1804.9103116483313  1.075184771082564e-8
1815.5089817887433  1.0980219379249807e-8
1826.1698887106843  1.1213441713377353e-8
1836.8933978766981  1.1451617742440924e-8
1847.6798768953793  1.1694852684037412e-8
1858.5296955339593  1.1943253990609017e-8
1869.4432257310004  1.2196931396912194e-8
1880.420841609128  1.2455996968494171e-8
1891.4629194878733  1.2720565151199848e-8
1902.5698378965565  1.2990752821729478e-8
1913.74197758728  1.3266679339270945e-8
1924.9797215479648  1.3548466598227995e-8
1936.2834550154946  1.3836239082069177e-8
1947.6535654889071  1.4130123918319767e-8
1959.0904427426929  1.4430250934722516e-8
1970.5944788401416  1.4736752716590517e-8
1982.1660681467981  1.5049764665378966e-8
1993.805607343965  1.5369425058500278e-8
2005.5134954423181  1.5695875110410503e-8
2017.2901337955702  1.6029259034992394e-8
2029.1359261142352  1.6369724109264036e-8
2041.0512784794746  1.6717420738440797e-8
2053.036599357004  1.7072502522378444e-8
2065.0922996111103  1.7435126323428533e-8
2077.2187925187222  1.78054523357341e-8
2089.4164937835926  1.81836441559981e-8
2101.6858215505335  1.8569868855754115e-8
2114.0271964197655  1.8964297055172943e-8
2126.4410414613217  1.9367102998436067e-8
2138.9277822295653  1.977846463071089e-8
2151.487846777763  2.0198563676759996e-8
2164.121665672774  2.062758572122115e-8
2176.829672009794  2.1065720290591383e-8
2189.612301427221  2.1513160936953535e-8
2202.46999212157  2.197010532348004e-8
2215.403184862505  2.2436755311753695e-8
2228.412323007952  2.291331705094303e-8
2241.497852519287  2.3467433411536447e-8
2254.6602219766355  2.411023714698473e-8
2267.8998825942376  2.4770648118599715e-8
2281.2172882359305  2.544914861163971e-8
2294.612895430691  2.6146234121787396e-8
2308.087163388302  2.6862413717001566e-8
2321.640554015079  2.7598210409278717e-8
2335.27353192972  2.835416153659931e-8
2348.9865644792153  2.9130819155334338e-8
2362.780121754889  2.9928750443402335e-8
2376.6546766084916  3.0748538114467256e-8
2390.610704668433  3.159078084348413e-8
2404.6486843560633  3.24560937038983e-8
2418.7690969020973  3.334510861682307e-8
2432.972426363092  3.425847481251815e-8
2447.2591596380466  3.519685930451026e-8
2461.629786485105  3.6160947376700746e-8
2476.0847995383224  3.7151443083813756e-8
2490.6246943245783  3.8169069765555195e-8
2505.249969280539  3.9214570574852e-8
2519.9611257697684  4.02887090205639e-8
2534.7586680998907  4.1392269525057394e-8
2549.643103539902  4.252605799705574e-8
2564.6149423375387  4.369090242017679e-8
2579.6746977367884  4.488765345759488e-8
2594.8228859954643  4.611718507326189e-8
2610.060026402924  4.738039517014786e-8
2625.38664129785  4.867820624596023e-8
2640.803256086176  5.0011566066827695e-8
2656.3103992590786  5.13814483594335e-8
2671.908602411113  5.278885352211094e-8
2687.5984002584214  5.4234809355413295e-8
2703.3803306570676  5.572037181269677e-8
2719.254934621486  5.724662577126394e-8
2735.222756343007  5.881468582462628e-8
2751.2843432085356  6.043871475050736e-8
2767.440245819293  6.246821311933107e-8
2783.6910180097143  6.456586091267648e-8
2800.0372168664117  6.673394655024994e-8
2816.479402747295  6.897483529561808e-8
2833.0181393007565  7.129097183657855e-8
2849.6539934850184  7.368488295218516e-8
2866.387535587544  7.615918026932273e-8
2883.219339244611  7.871656311185363e-8
2900.1499814609538  8.135982144542987e-8
2917.180042629564  8.40918389211974e-8
2934.31010655157  8.691559602169974e-8
2951.540760456256  8.98341733124238e-8
2968.8725950212033  9.285075480253047e-8
2986.3062043925174  9.596863141843268e-8
3003.8421862052182  9.919120459402032e-8
3021.4811416037073  1.0252198998143681e-7
3039.223675262395  1.0596462128646752e-7
3057.070395406408  1.0952285423271168e-7
3075.021913832463  1.1320057065887669e-7
3093.0788459298137  1.1700178275364862e-7
3111.241810701375  1.2093063743277692e-7
3129.5114307849135  1.2499142086312895e-7
3147.88833247442  1.2918856313867e-7
3166.3731457415533  1.3352664311344985e-7
3184.9665042572597  1.380103933968891e-7
3203.6690454134737  1.4264470551679318e-7
3222.4814103449903  1.4743463525574886e-7
3241.4042439514233  1.5238540816670336e-7
3260.4381949193207  1.5750242527375981e-7
3279.5839157444134  1.6279126896440512e-7
3298.8420627539595  1.6825770907958348e-7
3318.213296129271  1.7390770920828773e-7
3337.698279928316  1.7974743319350244e-7
3357.297682108513  1.8578325185662928e-7
3377.0121745496003  1.9202174994769984e-7
3396.8424330766957  1.9846973332898645e-7
3416.7891374834367  2.0513423639982102e-7
3436.8529715553123  2.1202252977075014e-7
3457.034623093076  2.1914212819536744e-7
3477.334783936351  2.2650079876851017e-7
3497.75414998732  2.341065693997278e-7
3518.2934212346086  2.4196773757130544e-7
3538.9533017772524  2.5009287939035444e-7
3559.7344998488643  2.597936797426563e-7
3580.6377278418868  2.701347277112665e-7
3601.663702332024  2.8088739952382345e-7
3622.813144102818  2.920680798049272e-7
3644.0867781703314  3.03693805366665e-7
3665.4853338080306  3.157822911688505e-7
3687.0095445717575  3.283519573125724e-7
3708.660148324904  3.414219571082562e-7
3730.437887263679  3.550122062609303e-7
3752.343507942579  3.6914341321724704e-7
3774.3777612999506  3.8383711072042267e-7
3796.5414026837666  3.9911568862125745e-7
3818.8351918774842  4.150024279951525e-7
3841.259893126126  4.315215366171897e-7
3863.8162751624445  4.486981858492508e-7
3886.505111233309  4.6655854899546726e-7
3909.327179126183  4.85129841184356e-7
3932.283261195801  5.044403608384923e-7
3955.3741443909976  5.245195327948741e-7
3978.6006202816598  5.453979531416542e-7
4001.9634850858915  5.671074358396424e-7
4025.4635396972785  5.896810611995112e-7
4049.101589712375  6.131532262886909e-7
4072.878445458287  6.375596973446439e-7
4096.794922020485  6.629376642744956e-7
4120.85183927071  6.893257973239632e-7
4145.0500218951165  7.167643060020379e-7
4169.390299422505  7.452950003510919e-7
4193.873506252797  7.749613546559021e-7
4218.500481685602  8.058085736885325e-7
4243.272069949022  8.37883661590151e-7
4268.189120228563  8.712354934946068e-7
4293.252486696278  9.059148900030538e-7
4318.463028540012  9.419746946229344e-7
4343.821609992878  9.79469854289484e-7
4369.329100362891  1.0184575030923662e-6
4394.98637406274  1.0589970493349856e-6
4420.794310639797  1.1011502660592643e-6
4446.753794806234  1.1449813851736504e-6
4472.865716469386  1.1905571953279834e-6
4499.130970762223  1.2379471436841335e-6
4525.5504580740735  1.2872234417377398e-6
4552.125084081448  1.338461175352018e-6
4578.8557597791305  1.391738419171608e-6
4605.743401511365  1.447136355590483e-6
4632.788931003309  1.504739398455518e-6
4659.9932753925905  1.5646353216939037e-6
4687.357367261133  1.6269153930607148e-6
4714.882144667082  1.6916745132101114e-6
4742.5685511770025  1.759011360302428e-6
4770.417535898195  1.8290285403671498e-6
4798.430053511239  1.9111153026309777e-6
4826.607064302739  1.9991560845411585e-6
4854.94953419821  2.091252707178822e-6
4883.458434795227  2.1875920140005163e-6
4912.134743396694  2.288369455920371e-6
4940.979443044386  2.3937894878364183e-6
4969.993522552609  2.5040659834237454e-6
4999.177976542133  2.6194226690364925e-6
5028.533805474256  2.740093577598472e-6
5058.062015685134  2.8663235234037987e-6
5087.76361942024  2.998368598790178e-6
5117.639634869105  3.136496693693192e-6
5147.691086200187  3.2809880391349064e-6
5177.91900359601  3.4321357757501315e-6
5208.324423288447  3.5902465485030425e-6
5238.9083875942815  3.7556411288014585e-6
5269.671944950902  3.928655065270135e-6
5300.616149952259  4.109639364503964e-6
5331.7420633850315  4.298961203181986e-6
5363.050752264957  4.497004672986526e-6
5394.543289873452  4.704171559839678e-6
5426.2207557943575  4.9208821590367485e-6
5458.084235950997  5.147576127931784e-6
5490.134822643356  5.3847133779037266e-6
5522.373614585569  5.632775007414103e-6
5554.801716943544  5.892264278047887e-6
5587.42024137289  6.163707635519105e-6
5620.230306056979  6.447655777711094e-6
5653.233035745329  6.744684771919823e-6
5686.429561792108  7.055397223565166e-6
5719.821022194969  7.380423498743045e-6
5753.408561634021  7.720423003096906e-6
5787.19333151108  8.076085519604489e-6
5821.176489989167  8.448132607993465e-6
5855.359202032161  8.837319068624368e-6
5889.7426394447875  9.24443447381229e-6
5924.327980912739  9.670304769692011e-6
5959.116412043128  1.011579395187864e-5
5994.109125405084  1.0581805818320961e-5
6029.307320570684  1.108000547990552e-5
6064.712204156024  1.1660247352944786e-5
6100.324989862633  1.2270875549514284e-5
6136.1468985190295  1.2913481351974815e-5
6172.1791581226225  1.3589739375557729e-5
6208.423003881759  1.4301411932370963e-5
6244.879678258113  1.5050353623942847e-5
6281.5504310092365  1.583851617426809e-5
6318.436519231442  1.6667953515954285e-5
6355.539207402861  1.7540827142720132e-5
6392.859767426805  1.8459411742196013e-5
6430.399478675387  1.942610112370596e-5
6468.159628033338  2.0443414456475657e-5
6506.1415099421665  2.1514002834528186e-5
6544.34642644449  2.2640656185369753e-5
6582.775687228715  2.3826310540474925e-5
6621.430609673882  2.5074055686512392e-5
6660.312518894883  2.6387143217256024e-5
6699.422747787833  2.7768995007158395e-5
6738.762637075811  2.9223212128674826e-5
6778.333535354774  3.0753584236569356e-5
6818.136799139836  3.236409944366587e-5
6858.173792911721  3.421101834740392e-5
6898.445889163588  3.6219442823842895e-5
6938.95446844803  3.8345775771657504e-5
6979.700919424452  4.0596939237350766e-5
7020.686638906631  4.2980261639648916e-5
7061.913031910614  4.550350162637558e-5
7103.381511702911  4.817487333189005e-5
7145.093499848888  5.100307311730928e-5
7187.050426261559  5.399730788057174e-5
7229.253729250545  5.7167325028493374e-5
7271.704855571441  6.0548342455509083e-5
7314.405260475347  6.448905261564997e-5
7357.3564077588235  6.868623877391913e-5
7400.559769814002  7.315659333725247e-5
7444.016827679127  7.791789511619549e-5
7487.729071089261  8.298908003206351e-5
7531.697998527419  8.849619496654383e-5
7575.925117275873  9.482357204267203e-5
7620.411943467884  0.00010160334936808464
7665.160002139626  0.00010886787304497942
7710.1708272824835  0.00011704827178331876
7755.4459618956635  0.00012617249590544144
7800.986958039035  0.00013608759795524406
7846.795376886398  0.0001475795603136369
7892.872788778938  0.0001603409796636979
7939.220773279124  0.0001749283386039862
7985.840919224787  0.00019193855621886123
8032.734824783657  0.0002118293491039319
8079.9040975080825  0.0002357602170018051
8127.350354390201  0.0002646217825486535
8175.075221917308  0.0002974959821197338
8223.080336127681  0.0003344541727630254
8271.36734266659  0.0003760037123243446
8319.937896842792  0.0004227149881663002
8368.793663685192  0.00047522924738118837
8417.936318000002  0.0005342673997583629
