1.0e-14  0.0
1.1568875283162833e-14  0.0
1.338388753173759e-14  0.0
1.548365256585496e-14  0.0
1.7912844546220022e-14  0.0
2.0723146452190297e-14  0.0
2.3974349678010787e-14  0.0
2.773562614198418e-14  0.0
3.2086999973704435e-14  0.0
3.7121050090663573e-14  0.0
4.294487988789272e-14  0.0
4.9682395947343876e-14  0.0
5.747694424835359e-14  0.0
6.64943599666506e-14  0.0
7.69264957487913e-14  0.0
8.899530352885224e-14  4.192710799251275e-12
1.0295755673125127e-13  6.31002355416223e-11
1.191103133283008e-13  7.705481003097414e-10
1.3779723598335597e-13  7.24693750586908e-9
1.5941590374559962e-13  6.650447378161798e-8
1.8442627085855328e-13  4.762091800542579e-7
2.133604526501411e-13  3.980929710333672e-6
2.468340467068651e-13  3.524130623872271e-5
2.855592301990112e-13  0.0003084353515136285
3.3035991201283325e-13  0.0026707703707584242
3.821892620633115e-13  0.0196581608609049
4.421499907374487e-13  0.1665726509490852
5.115178099293146e-13  1.3996103764799206
5.917685748188831e-13  11.43814938742561
6.846096838574644e-13  88.84203664864475
7.92016405019254e-13  490.47226909647463
9.162739011886732e-13  1230.8635823897805
1.0600258488068823e-12  1912.6137216183554
1.2263306841775643e-12  2279.833759408662
1.418726674116599e-12  2338.6845768153266
1.6413071953751266e-12  2190.069220868619
1.8988078244652613e-12  1922.6173211315256
2.196707090793235e-12  1569.6433134021931
2.541343036702639e-12  1251.7557880150657
2.9400480643347135e-12  996.537014343336
3.401304938279246e-12  809.132232702229
3.934927263095846e-12  678.8009276565995
4.5522682755073095e-12  489.72600263261154
5.2664623934842805e-12  336.111793531148
6.092704661368687e-12  229.56345958652727
7.048574036451889e-12  144.22475883370836
8.154407395185153e-12  89.56902168350987
9.433732216299774e-12  36.28882260600523
1.0913767146512738e-11  17.735588537745517
1.2626001098748577e-11  7.555205191960602
1.460686320364992e-11  2.321321157073132
1.6898497868124553e-11  0.8577769112652532
1.9549661430912594e-11  0.1366322457120572
2.2616759492228647e-11  0.07085456526849956
2.6165046987488236e-11  0.00820254634301991
3.027001653763468e-11  0.0014274502663586622
3.5019004614317055e-11  8.806204045881567e-5
4.051304969235378e-11  NaN
4.6869041923141924e-11  NaN
5.422221006501592e-11  NaN
6.272899858196256e-11  NaN
7.257039612324201e-11  NaN
8.395578619995103e-11  NaN
9.712740198471168e-11  NaN
1.1236548001387516e-10  NaN
1.2999422244132474e-10  NaN
1.503886946955407e-10  NaN
1.7398280529303622e-10  NaN
2.0127853758499384e-10  NaN
2.3285662984981966e-10  NaN
2.693889309590175e-10  NaN
3.116526944929437e-10  NaN
3.6054711542504984e-10  NaN
4.1711246120565164e-10  NaN
4.825522042741279e-10  NaN
5.582586268862701e-10  NaN
6.458424430196992e-10  NaN
7.471670675868066e-10  NaN
8.643882620598262e-10  NaN
1.0e-9  NaN
