1.0e-14  0.0
1.2663801734674021e-14  0.0
1.6037187437513276e-14  0.0
2.030917620904739e-14  0.0
2.571913809059347e-14  0.0
3.257020655659783e-14  0.0
4.124626382901348e-14  0.0
5.223345074266833e-14  0.0
6.61474064123016e-14  0.0
8.376776400682924e-14  6.080011272995724e-20
1.0608183551394483e-13  1.5503513538885108e-16
1.3433993325988988e-13  5.864589670162447e-15
1.7012542798525857e-13  4.037211816820769e-12
2.1544346900318868e-13  1.4636641662576198e-10
2.7283333764867695e-13  2.032458177885653e-8
3.455107294592218e-13  7.49868390146959e-7
4.37547937507418e-13  3.836580554151374e-5
5.541020330009481e-13  0.0013301154445862723
7.017038286703837e-13  0.037948975525263245
8.886238162743407e-13  0.3253288995161964
1.1253355826007645e-12  0.6003412144433474
1.4251026703029962e-12  0.6482828679709614
1.8047217668271739e-12  0.5770577803731468
2.2854638641349932e-12  0.4593544511728554
2.8942661247167518e-12  0.3884870442899853
3.665241237079626e-12  0.30927234759523603
4.6415888336127725e-12  0.22242148490138924
5.878016072274924e-12  0.17076886152455004
7.443803013251696e-12  0.12383056375753737
9.426684551178854e-12  0.06641539029412807
1.1937766417144358e-11  0.031129923587699827
1.51177507061566e-11  0.010844454768138388
1.9144819761699613e-11  0.002682078777896869
2.4244620170823307e-11  0.00048787970968378617
3.0702906297578495e-11  6.379075983980327e-5
3.8881551803080857e-11  5.4010999028711816e-6
4.9238826317067315e-11  6.853896086843835e-8
6.235507341273925e-11  0.0
7.896522868499732e-11  0.0
1.0e-10  0.0
