1.0e-14  0.0
1.1568875283162833e-14  0.0
1.338388753173759e-14  0.0
1.548365256585496e-14  0.0
1.7912844546220022e-14  0.0
2.0723146452190297e-14  0.0
2.3974349678010787e-14  0.0
2.773562614198418e-14  0.0
3.2086999973704435e-14  0.0
3.7121050090663573e-14  1.0317957310423344e-18
4.294487988789272e-14  6.003714403646438e-17
4.9682395947343876e-14  1.492472293555842e-15
5.747694424835359e-14  2.5499355272046466e-14
6.64943599666506e-14  2.995399772477447e-13
7.69264957487913e-14  3.1701232878932122e-12
8.899530352885224e-14  3.155091367413211e-11
1.0295755673125127e-13  3.030320181219895e-10
1.191103133283008e-13  2.820933840048781e-9
1.3779723598335597e-13  2.5644806299845107e-8
1.5941590374559962e-13  2.312685981877803e-7
1.8442627085855328e-13  2.0987835062808526e-6
2.133604526501411e-13  1.861178135973502e-5
2.468340467068651e-13  0.00016011668873586532
2.855592301990112e-13  0.0013201721380156671
3.3035991201283325e-13  0.009887888926494276
3.821892620633115e-13  0.07564362279636695
4.421499907374487e-13  0.45496569578764384
5.115178099293146e-13  1.977604232038421
5.917685748188831e-13  6.496674249630773
6.846096838574644e-13  15.361245826172516
7.92016405019254e-13  28.280642328020182
9.162739011886732e-13  46.21196303553683
1.0600258488068823e-12  64.47595164682068
1.2263306841775643e-12  78.33929578076734
1.418726674116599e-12  85.47043079503995
1.6413071953751266e-12  85.28991066778043
1.8988078244652613e-12  77.57290977508517
2.196707090793235e-12  60.7274325224437
2.541343036702639e-12  44.445381476362016
2.9400480643347135e-12  30.449940021507814
3.401304938279246e-12  18.973457583558705
3.934927263095846e-12  10.82231772305822
4.5522682755073095e-12  5.653980635102854
5.2664623934842805e-12  2.3816605977967833
6.092704661368687e-12  0.9817222796827507
7.048574036451889e-12  0.027936135795760063
8.154407395185153e-12  0.007328516397001085
9.433732216299774e-12  0.005685935655012321
1.0913767146512738e-11  0.004061570772074013
1.2626001098748577e-11  0.0024904469707908742
1.460686320364992e-11  3.328197380670705e-7
1.6898497868124553e-11  1.4962234655922508e-9
1.9549661430912594e-11  1.328911754560813e-9
2.2616759492228647e-11  1.1449722095945177e-9
2.6165046987488236e-11  3.295495470217168e-10
3.027001653763468e-11  2.479785640601118e-10
3.5019004614317055e-11  1.5378987390310363e-10
4.051304969235378e-11  4.05886222422684e-11
4.6869041923141924e-11  NaN
5.422221006501592e-11  NaN
6.272899858196256e-11  NaN
7.257039612324201e-11  NaN
8.395578619995103e-11  NaN
9.712740198471168e-11  NaN
1.1236548001387516e-10  NaN
1.2999422244132474e-10  NaN
1.503886946955407e-10  NaN
1.7398280529303622e-10  NaN
2.0127853758499384e-10  NaN
2.3285662984981966e-10  NaN
2.693889309590175e-10  NaN
3.116526944929437e-10  NaN
3.6054711542504984e-10  NaN
4.1711246120565164e-10  NaN
4.825522042741279e-10  NaN
5.582586268862701e-10  NaN
6.458424430196992e-10  NaN
7.471670675868066e-10  NaN
8.643882620598262e-10  NaN
1.0e-9  NaN
