1.0e-14  0.0
1.1568875283162833e-14  0.0
1.338388753173759e-14  0.0
1.548365256585496e-14  0.0
1.7912844546220022e-14  0.0
2.0723146452190297e-14  0.0
2.3974349678010787e-14  0.0
2.773562614198418e-14  0.0
3.2086999973704435e-14  0.0
3.7121050090663573e-14  0.0
4.294487988789272e-14  1.5218626106012145e-17
4.9682395947343876e-14  1.2153751291388916e-15
5.747694424835359e-14  2.283190983886909e-14
6.64943599666506e-14  2.9138065563702654e-13
7.69264957487913e-14  3.1488177994663314e-12
8.899530352885224e-14  3.153513703667082e-11
1.0295755673125127e-13  3.030123369648251e-10
1.191103133283008e-13  2.8208005759075997e-9
1.3779723598335597e-13  2.5644798428111225e-8
1.5941590374559962e-13  2.3126859352765828e-7
1.8442627085855328e-13  2.0987832340416614e-6
2.133604526501411e-13  1.861178125505732e-5
2.468340467068651e-13  0.00016011668873366512
2.855592301990112e-13  0.0013201721380142583
3.3035991201283325e-13  0.009887888926494755
3.821892620633115e-13  0.07564362279636694
4.421499907374487e-13  0.45496569578790363
5.115178099293146e-13  1.9776042321689307
5.917685748188831e-13  6.496674254529961
6.846096838574644e-13  15.361245950654473
7.92016405019254e-13  28.280644505666586
9.162739011886732e-13  46.212008150439225
1.0600258488068823e-12  64.47684707335524
1.2263306841775643e-12  78.35456787867939
1.418726674116599e-12  85.60748310216306
1.6413071953751266e-12  86.01781603781819
1.8988078244652613e-12  79.89184179182264
2.196707090793235e-12  65.38714591826326
2.541343036702639e-12  52.05477865553735
2.9400480643347135e-12  41.23514844810562
3.401304938279246e-12  32.28695184453697
3.934927263095846e-12  26.04296678680698
4.5522682755073095e-12  20.328921111149185
5.2664623934842805e-12  15.471462833154847
6.092704661368687e-12  11.825015986246722
7.048574036451889e-12  8.7499617632608
8.154407395185153e-12  6.344917553134378
9.433732216299774e-12  4.280316985804497
1.0913767146512738e-11  2.582109726997548
1.2626001098748577e-11  1.5283262277644196
1.460686320364992e-11  0.7405294446645044
1.6898497868124553e-11  0.2937086845965023
1.9549661430912594e-11  0.050285255663378665
2.2616759492228647e-11  0.0033029408104999548
2.6165046987488236e-11  0.0007762982245737461
3.027001653763468e-11  0.0005945694428837136
3.5019004614317055e-11  0.0003655917980844875
4.051304969235378e-11  0.0001613516908426753
4.6869041923141924e-11  1.1793076862557863e-8
5.422221006501592e-11  1.0955617267112146e-10
6.272899858196256e-11  7.99439092656422e-11
7.257039612324201e-11  2.290597232718215e-11
8.395578619995103e-11  1.658145277235473e-11
9.712740198471168e-11  1.1376521680819689e-11
1.1236548001387516e-10  5.76424463479785e-12
1.2999422244132474e-10  NaN
1.503886946955407e-10  NaN
1.7398280529303622e-10  NaN
2.0127853758499384e-10  NaN
2.3285662984981966e-10  NaN
2.693889309590175e-10  NaN
3.116526944929437e-10  NaN
3.6054711542504984e-10  NaN
4.1711246120565164e-10  NaN
4.825522042741279e-10  NaN
5.582586268862701e-10  NaN
6.458424430196992e-10  NaN
7.471670675868066e-10  NaN
8.643882620598262e-10  NaN
1.0e-9  NaN
