1.0e-14  0.0
1.173870674236968e-14  0.0
1.3779723598335597e-14  0.0
1.6175613431177267e-14  0.0
1.8988078244652612e-14  0.0
2.2289548211514666e-14  0.0
2.6165046987488236e-14  0.0
3.0714381348644766e-14  0.0
3.605471154250499e-14  0.0
4.23235685478199e-14  0.0
4.9682395947343876e-14  0.0
5.832070762841656e-14  0.0
6.846096838574644e-14  0.0
8.036432311789225e-14  1.0754105634008123e-15
9.433732216299774e-14  6.819499529444843e-13
1.1073981597318822e-13  1.1566190562218231e-11
1.2999422244132476e-13  1.3742345621762412e-10
1.525964055441083e-13  1.571269546667235e-9
1.791284454622002e-13  1.7672318596340616e-8
2.102736290497338e-13  1.9723207515329121e-7
2.468340467068651e-13  2.227445596767758e-6
2.89751248832427e-13  2.4238085267552395e-5
3.401304938279246e-13  0.0002598155349236439
3.992692121183404e-13  0.0023664444944951624
4.686904192314193e-13  0.024887558636099313
5.501819384315933e-13  0.25747742076183794
6.458424430196992e-13  2.594247952419025
7.581355040383849e-13  21.046677791091845
8.899530352885224e-13  72.27851826177111
1.044689769573374e-12  128.1936303254835
1.2263306841775643e-12  159.18865498147747
1.4395536270729998e-12  163.32161743898487
1.6898497868124552e-12  149.90586044925885
1.9836651086047416e-12  125.29173184977927
2.3285662984981966e-12  92.70142926245892
2.733435690823559e-12  66.2089967351172
3.2086999973704436e-12  51.91211349349085
3.766598829337416e-12  42.654741266653765
4.4214999073744864e-12  32.61558880413706
5.1902690774083805e-12  23.085574165307985
6.092704661368687e-12  17.344308357315754
7.152047328767578e-12  12.97614799983449
8.395578619995104e-12  7.879938304821554
9.855323535263166e-12  3.7494679302118334
1.1568875283162833e-11  1.818221637482072
1.3580363428809749e-11  0.6057619249065475
1.5941590374559962e-11  0.21580913575371993
1.871336544139434e-11  0.05107553402741995
2.1967070907932354e-11  0.018405127408075022
2.5786500337705837e-11  0.002831412802464462
3.027001653763468e-11  0.00036114908779425343
3.553308472219739e-11  2.0603817045568744e-5
4.171124612056516e-11  NaN
4.896360860681194e-11  NaN
5.7476944248353584e-11  NaN
6.747049929789545e-11  NaN
7.92016405019254e-11  NaN
9.297248313666952e-11  NaN
1.0913767146512738e-10  NaN
1.2811351198742178e-10  NaN
1.503886946955407e-10  NaN
1.7653687843987264e-10  NaN
2.0723146452190295e-10  NaN
2.4326293898144057e-10  NaN
2.855592301990112e-10  NaN
3.3520960608830284e-10  NaN
3.9349272630958453e-10  NaN
4.619095719403766e-10  NaN
5.422221006501592e-10  NaN
6.364986228763875e-10  NaN
7.471670675868066e-10  NaN
8.770775093957867e-10  NaN
1.0295755673125127e-9  NaN
1.2085885653790483e-9  NaN
1.4187266741165991e-9  NaN
1.6654016375032235e-9  NaN
1.9549661430912597e-9  NaN
2.2948774245009816e-9  0.0
2.693889309590175e-9  0.0
3.1622776601683795e-9  0.0
