1.0e-14  0.0
1.1568875283162833e-14  0.0
1.338388753173759e-14  0.0
1.548365256585496e-14  0.0
1.7912844546220022e-14  0.0
2.0723146452190297e-14  0.0
2.3974349678010787e-14  0.0
2.773562614198418e-14  0.0
3.2086999973704435e-14  0.0
3.7121050090663573e-14  0.0
4.294487988789272e-14  2.295132050501461e-16
4.9682395947343876e-14  1.9240662567414534e-14
5.747694424835359e-14  4.0260020710960604e-13
6.64943599666506e-14  5.64198891714248e-12
7.69264957487913e-14  6.306547566631765e-11
8.899530352885224e-14  6.498819344033361e-10
1.0295755673125127e-13  6.367268111328108e-9
1.191103133283008e-13  6.05926652889126e-8
1.3779723598335597e-13  4.407075845898615e-7
1.5941590374559962e-13  3.726447203370623e-6
1.8442627085855328e-13  3.3294186965977995e-5
2.133604526501411e-13  0.00029246893002699497
2.468340467068651e-13  0.002528708754411372
2.855592301990112e-13  0.020509081227995822
3.3035991201283325e-13  0.15586752947988564
3.821892620633115e-13  1.2332505193783163
4.421499907374487e-13  7.154613400799775
5.115178099293146e-13  30.65196585996752
5.917685748188831e-13  99.61064225602163
6.846096838574644e-13  228.95332155288855
7.92016405019254e-13  420.13524678929775
9.162739011886732e-13  685.711744588154
1.0600258488068823e-12  948.1160538783893
1.2263306841775643e-12  1143.811184355467
1.418726674116599e-12  1247.9916659879182
1.6413071953751266e-12  1253.6111228651132
1.8988078244652613e-12  1166.719971531056
2.196707090793235e-12  1023.664869429692
2.541343036702639e-12  867.3508711375307
2.9400480643347135e-12  702.467010461836
3.401304938279246e-12  539.8718045119423
3.934927263095846e-12  426.7480709653171
4.5522682755073095e-12  312.3616307038744
5.2664623934842805e-12  223.42807427492065
6.092704661368687e-12  156.32564156513374
7.048574036451889e-12  94.02241218479726
8.154407395185153e-12  62.38248098870112
9.433732216299774e-12  34.39823248218835
1.0913767146512738e-11  18.095857399806402
1.2626001098748577e-11  10.170442574757871
1.460686320364992e-11  4.26686038355126
1.6898497868124553e-11  1.5394126528558498
1.9549661430912594e-11  0.23874654794435898
2.2616759492228647e-11  0.015216694544051581
2.6165046987488236e-11  0.003291242823133111
3.027001653763468e-11  0.002350129738426707
3.5019004614317055e-11  0.0013382344571360872
4.051304969235378e-11  0.0005505507120068489
4.6869041923141924e-11  2.9993100090604753e-8
5.422221006501592e-11  3.279635985076102e-10
6.272899858196256e-11  2.3932485223565754e-10
7.257039612324201e-11  5.810396196381206e-11
8.395578619995103e-11  4.2061094565561214e-11
9.712740198471168e-11  2.885820159500051e-11
1.1236548001387516e-10  1.462191188992325e-11
1.2999422244132474e-10  NaN
1.503886946955407e-10  NaN
1.7398280529303622e-10  NaN
2.0127853758499384e-10  NaN
2.3285662984981966e-10  NaN
2.693889309590175e-10  NaN
3.116526944929437e-10  NaN
3.6054711542504984e-10  NaN
4.1711246120565164e-10  NaN
4.825522042741279e-10  NaN
5.582586268862701e-10  NaN
6.458424430196992e-10  NaN
7.471670675868066e-10  NaN
8.643882620598262e-10  NaN
1.0e-9  NaN
