1.0e-14  0.0
1.1568875283162833e-14  0.0
1.338388753173759e-14  0.0
1.548365256585496e-14  0.0
1.7912844546220022e-14  0.0
2.0723146452190297e-14  0.0
2.3974349678010787e-14  0.0
2.773562614198418e-14  0.0
3.2086999973704435e-14  0.0
3.7121050090663573e-14  0.0
4.294487988789272e-14  0.0
4.9682395947343876e-14  0.0
5.747694424835359e-14  0.0
6.64943599666506e-14  0.0
7.69264957487913e-14  1.275722395979249e-18
8.899530352885224e-14  6.267797083016865e-16
1.0295755673125127e-13  9.983291652717747e-15
1.191103133283008e-13  1.3131056535881672e-13
1.3779723598335597e-13  1.3394689613939296e-12
1.5941590374559962e-13  1.343066900915199e-11
1.8442627085855328e-13  1.3283944000765593e-10
2.133604526501411e-13  1.2867911408339366e-9
2.468340467068651e-13  1.1149948061926285e-8
2.855592301990112e-13  1.0926684100350984e-7
3.3035991201283325e-13  1.0134391070742825e-6
3.821892620633115e-13  7.850155058493392e-6
4.421499907374487e-13  6.918743500728376e-5
5.115178099293146e-13  0.0005981972834125461
5.917685748188831e-13  0.005268102956390181
6.846096838574644e-13  0.04415023721435654
7.92016405019254e-13  0.23649427617874327
9.162739011886732e-13  0.6091906970784989
1.0600258488068823e-12  0.9676104495860873
1.2263306841775643e-12  1.1673969346750424
1.418726674116599e-12  1.201746103330967
1.6413071953751266e-12  1.1235490579679113
1.8988078244652613e-12  0.9815775738839588
2.196707090793235e-12  0.7924801150254267
2.541343036702639e-12  0.5712927417111474
2.9400480643347135e-12  0.3219218587031462
3.401304938279246e-12  0.14683454338132892
3.934927263095846e-12  0.06396941586288264
4.5522682755073095e-12  0.02720439047993811
5.2664623934842805e-12  0.01020301750712485
6.092704661368687e-12  0.0035965694402812294
7.048574036451889e-12  0.0015537589915852986
8.154407395185153e-12  0.0005660516305760638
9.433732216299774e-12  7.925070670631439e-5
1.0913767146512738e-11  3.594487219298323e-6
1.2626001098748577e-11  4.824294258811806e-7
1.460686320364992e-11  0.0
1.6898497868124553e-11  NaN
1.9549661430912594e-11  NaN
2.2616759492228647e-11  NaN
2.6165046987488236e-11  NaN
3.027001653763468e-11  NaN
3.5019004614317055e-11  NaN
4.051304969235378e-11  NaN
4.6869041923141924e-11  NaN
5.422221006501592e-11  NaN
6.272899858196256e-11  NaN
7.257039612324201e-11  NaN
8.395578619995103e-11  NaN
9.712740198471168e-11  NaN
1.1236548001387516e-10  NaN
1.2999422244132474e-10  NaN
1.503886946955407e-10  NaN
1.7398280529303622e-10  NaN
2.0127853758499384e-10  NaN
2.3285662984981966e-10  NaN
2.693889309590175e-10  NaN
3.116526944929437e-10  NaN
3.6054711542504984e-10  NaN
4.1711246120565164e-10  NaN
4.825522042741279e-10  NaN
5.582586268862701e-10  NaN
6.458424430196992e-10  NaN
7.471670675868066e-10  NaN
8.643882620598262e-10  NaN
1.0e-9  NaN
