1.0e-14  0.0
1.1568875283162833e-14  0.0
1.338388753173759e-14  0.0
1.548365256585496e-14  0.0
1.7912844546220022e-14  0.0
2.0723146452190297e-14  0.0
2.3974349678010787e-14  0.0
2.773562614198418e-14  0.0
3.2086999973704435e-14  0.0
3.7121050090663573e-14  0.0
4.294487988789272e-14  0.0
4.9682395947343876e-14  0.0
5.747694424835359e-14  0.0
6.64943599666506e-14  4.7841802837787185e-21
7.69264957487913e-14  5.468155658076167e-19
8.899530352885224e-14  1.42995137354679e-17
1.0295755673125127e-13  1.8036904651776774e-15
1.191103133283008e-13  3.113052022912055e-14
1.3779723598335597e-13  3.990963822149348e-13
1.5941590374559962e-13  2.0871971009147078e-11
1.8442627085855328e-13  3.96694521984063e-10
2.133604526501411e-13  1.9704977701073523e-9
2.468340467068651e-13  5.0918820836303544e-8
2.855592301990112e-13  9.224555197623723e-7
3.3035991201283325e-13  1.1644297311534496e-5
3.821892620633115e-13  0.0001300161821883386
4.421499907374487e-13  0.0011254432330485213
5.115178099293146e-13  0.006526968111831703
5.917685748188831e-13  0.02707253722879106
6.846096838574644e-13  0.0729742974064955
7.92016405019254e-13  0.15083311751344897
9.162739011886732e-13  0.26414496316612424
1.0600258488068823e-12  0.39095031290449495
1.2263306841775643e-12  0.5014049805377749
1.418726674116599e-12  0.5688124340635606
1.6413071953751266e-12  0.5870953460671173
1.8988078244652613e-12  0.548331662282871
2.196707090793235e-12  0.4709159701546189
2.541343036702639e-12  0.37527713521962275
2.9400480643347135e-12  0.2750143610061815
3.401304938279246e-12  0.18395943130630615
3.934927263095846e-12  0.1109435309995546
4.5522682755073095e-12  0.061438692423144425
5.2664623934842805e-12  0.02882108136651433
6.092704661368687e-12  0.011658551440083695
7.048574036451889e-12  0.00067995644939349
8.154407395185153e-12  9.726232858656406e-5
9.433732216299774e-12  7.953931735168502e-5
1.0913767146512738e-11  6.083624946313034e-5
1.2626001098748577e-11  3.914514364751458e-5
1.460686320364992e-11  8.056264388910672e-9
1.6898497868124553e-11  2.0908324963672788e-11
1.9549661430912594e-11  1.8562622949271737e-11
2.2616759492228647e-11  1.5985095819825908e-11
2.6165046987488236e-11  8.169631904971031e-12
3.027001653763468e-11  6.145839459715825e-12
3.5019004614317055e-11  3.810275407083296e-12
4.051304969235378e-11  1.005167927144857e-12
4.6869041923141924e-11  0.0
5.422221006501592e-11  0.0
6.272899858196256e-11  0.0
7.257039612324201e-11  0.0
8.395578619995103e-11  0.0
9.712740198471168e-11  0.0
1.1236548001387516e-10  0.0
1.2999422244132474e-10  0.0
1.503886946955407e-10  0.0
1.7398280529303622e-10  0.0
2.0127853758499384e-10  0.0
2.3285662984981966e-10  0.0
2.693889309590175e-10  0.0
3.116526944929437e-10  0.0
3.6054711542504984e-10  0.0
4.1711246120565164e-10  0.0
4.825522042741279e-10  0.0
5.582586268862701e-10  0.0
6.458424430196992e-10  0.0
7.471670675868066e-10  0.0
8.643882620598262e-10  0.0
1.0e-9  0.0
