1.0e-14  0.0
1.383648068032458e-14  0.0
1.9144819761699614e-14  0.0
2.6489692876105297e-14  0.0
3.665241237079626e-14  0.0
5.0714039565581214e-14  0.0
7.017038286703837e-14  0.0
9.709111468707553e-14  1.3735027723660483e-12
1.3433993325988988e-13  2.0487077517727437e-10
1.8587918911465673e-13  2.6128015798788285e-8
2.571913809059347e-13  3.245536118267725e-6
3.5586235730509655e-13  0.0003903884171952464
4.923882631706731e-13  0.04509221388607036
6.812920690579622e-13  4.58884462990718
9.426684551178854e-13  65.43322908865774
1.304321386719004e-12  96.72041724499975
1.8047217668271739e-12  82.21870575529766
2.4970997860065434e-12  47.05566662573823
3.455107294592218e-12  15.649096775453215
4.780652533007375e-12  2.3525266033293817
6.614740641230159e-12  0.2408615029175883
9.152473108773893e-12  0.015620256828735983
1.2663801734674022e-11  5.8788233860384535e-5
1.75222448041278e-11  NaN
2.4244620170823307e-11  NaN
3.3546021859540435e-11  NaN
4.641588833612773e-11  NaN
6.422325422229369e-11  NaN
8.886238162743407e-11  NaN
1.2295426265956215e-10  NaN
1.7012542798525856e-10  NaN
2.3539371975499906e-10  NaN
3.257020655659783e-10  NaN
4.5065703377454686e-10  NaN
6.235507341273925e-10  NaN
8.627747685955875e-10  NaN
1.1937766417144357e-9  NaN
1.6517667439704549e-9  NaN
2.285463864134993e-9  0.0
3.1622776601683795e-9  0.0
