1.0e-14  0.0
1.3433993325988988e-14  0.0
1.804721766827174e-14  0.0
2.4244620170823308e-14  0.0
3.257020655659783e-14  0.0
4.37547937507418e-14  0.0
5.878016072274924e-14  0.0
7.896522868499732e-14  1.1179318736558088e-13
1.0608183551394483e-13  1.2468185686296485e-10
1.4251026703029963e-13  1.0521994312426866e-8
1.9144819761699616e-13  6.614011307799408e-7
2.571913809059347e-13  5.038561931918879e-5
3.455107294592218e-13  0.0038595639022755463
4.641588833612772e-13  0.28746844346428463
6.235507341273925e-13  20.1888397498791
8.376776400682925e-13  576.4790028490997
1.1253355826007645e-12  1319.8111649258008
1.51177507061566e-12  1342.7912064379102
2.030917620904739e-12  1061.7593944675884
2.7283333764867694e-12  635.9863875873899
3.665241237079626e-12  189.09198652241864
4.923882631706732e-12  29.06455555942612
6.614740641230159e-12  2.96763347630268
8.886238162743408e-12  0.19103116087802047
1.1937766417144358e-11  0.002329348471707795
1.6037187437513276e-11  NaN
2.1544346900318868e-11  NaN
2.894266124716752e-11  NaN
3.8881551803080857e-11  NaN
5.2233450742668324e-11  NaN
7.017038286703836e-11  NaN
9.426684551178854e-11  NaN
1.266380173467402e-10  NaN
1.7012542798525856e-10  NaN
2.285463864134993e-10  NaN
3.0702906297578497e-10  NaN
4.124626382901348e-10  NaN
5.54102033000948e-10  NaN
7.443803013251697e-10  NaN
1.0e-9  NaN
