1.0e-14  0.0
1.3433993325988988e-14  0.0
1.804721766827174e-14  0.0
2.4244620170823308e-14  0.0
3.257020655659783e-14  0.0
4.37547937507418e-14  0.0
5.878016072274924e-14  0.0
7.896522868499732e-14  2.284964020464495e-17
1.0608183551394483e-13  2.6870966230279447e-14
1.4251026703029963e-13  3.1302695613628475e-12
1.9144819761699616e-13  2.6698707864112185e-10
2.571913809059347e-13  2.41280876230889e-8
3.455107294592218e-13  1.7862012755310128e-6
4.641588833612772e-13  0.00013887437243744288
6.235507341273925e-13  0.009902656554539615
8.376776400682925e-13  0.2873760053247251
1.1253355826007645e-12  0.6678240837650792
1.51177507061566e-12  0.680118419711909
2.030917620904739e-12  0.5363600610248507
2.7283333764867694e-12  0.4100639968026601
3.665241237079626e-12  0.30855602367851537
4.923882631706732e-12  0.20179865236474323
6.614740641230159e-12  0.1398016038989388
8.886238162743408e-12  0.06741269243743418
1.1937766417144358e-11  0.020921789698139456
1.6037187437513276e-11  0.004038694105609115
2.1544346900318868e-11  0.0004242945529395343
2.894266124716752e-11  2.781654099761974e-5
3.8881551803080857e-11  1.1350977191812644e-6
5.2233450742668324e-11  3.069455187332962e-9
7.017038286703836e-11  NaN
9.426684551178854e-11  NaN
1.266380173467402e-10  NaN
1.7012542798525856e-10  NaN
2.285463864134993e-10  NaN
3.0702906297578497e-10  NaN
4.124626382901348e-10  NaN
5.54102033000948e-10  NaN
7.443803013251697e-10  NaN
1.0e-9  NaN
