1.0e-14  0.0
1.1236548001387516e-14  0.0
1.2626001098748577e-14  0.0
1.418726674116599e-14  0.0
1.5941590374559962e-14  0.0
1.7912844546220022e-14  0.0
2.0127853758499385e-14  0.0
2.2616759492228646e-14  0.0
2.541343036702639e-14  0.0
2.855592301990112e-14  0.0
3.2086999973704435e-14  0.0
3.605471154250499e-14  0.0
4.051304969235378e-14  0.0
4.55226827550731e-14  0.0
5.1151780992931456e-14  0.0
5.747694424835359e-14  0.0
6.458424430196992e-14  1.3262974008404594e-21
7.257039612324201e-14  1.0600911375925445e-19
8.154407395185154e-14  1.9333423220509433e-18
9.162739011886732e-14  7.420341220133453e-17
1.0295755673125127e-13  1.800678753887905e-15
1.1568875283162833e-13  1.821465469351053e-14
1.2999422244132476e-13  1.4713031141283234e-13
1.460686320364992e-13  1.8488511169508767e-12
1.6413071953751266e-13  3.9750666338065597e-11
1.8442627085855328e-13  3.9669447022066166e-10
2.0723146452190296e-13  2.6141344942544814e-9
2.3285662984981966e-13  2.5790933133091527e-9
2.6165046987488235e-13  2.278678228589668e-7
2.940048064334714e-13  1.5389970119525835e-6
3.3035991201283325e-13  1.164429731154574e-5
3.712105009066357e-13  8.14258092576055e-5
4.171124612056516e-13  0.0004948869851686453
4.686904192314193e-13  0.002390482721259814
5.266462393484281e-13  0.008876409009309267
5.917685748188831e-13  0.02707253724387064
6.649435996665059e-13  0.061252895068228494
7.471670675868067e-13  0.11622137101368843
8.395578619995104e-13  0.19413115645927723
9.433732216299774e-13  0.2889140893602683
1.0600258488068823e-12  0.3909545834783776
1.191103133283008e-12  0.48364963643561965
1.3383887531737591e-12  0.5460242060640071
1.503886946955407e-12  0.5824022825454391
1.6898497868124552e-12  0.5887645996352227
1.8988078244652613e-12  0.5623692819637963
2.133604526501411e-12  0.5179280654112288
2.3974349678010785e-12  0.46257478729638596
2.6938893095901753e-12  0.4070124370000135
3.027001653763468e-12  0.35580595827476796
3.401304938279246e-12  0.30879015012884475
3.821892620633115e-12  0.2671486287023848
4.294487988789272e-12  0.232703463980894
4.825522042741279e-12  0.20159159458550424
5.422221006501592e-12  0.1722176235463426
6.092704661368687e-12  0.1452338979096284
6.846096838574644e-12  0.11937189370133412
7.69264957487913e-12  0.09514584562292311
8.643882620598262e-12  0.07444298488784035
9.712740198471168e-12  0.0560030261423395
1.0913767146512738e-11  0.0400953890097998
1.2263306841775644e-11  0.027527122924191936
1.3779723598335597e-11  0.017447439466354433
1.548365256585496e-11  0.010175248641840511
1.739828052930362e-11  0.005372983046969349
1.9549661430912594e-11  0.0014915466179071446
2.1967070907932354e-11  8.017626793605618e-5
2.4683404670686512e-11  0.0002615563173909732
2.773562614198418e-11  1.9292274983760667e-5
3.1165269449294365e-11  1.691758301591388e-5
3.5019004614317055e-11  1.1501693714910991e-5
3.9349272630958454e-11  6.7038245611687016e-6
4.421499907374487e-11  5.972188264254205e-10
4.9682395947343876e-11  2.891983039106023e-12
5.5825862688627005e-11  2.390872995011587e-12
6.272899858196256e-11  1.7962423256658056e-12
7.048574036451889e-11  2.0975731193497442e-12
7.92016405019254e-11  1.8396289706239457e-12
8.899530352885224e-11  1.314091778216401e-12
1.0e-10  9.48820772675587e-13
