1.0e-14  0.0
1.1568875283162833e-14  0.0
1.338388753173759e-14  0.0
1.548365256585496e-14  0.0
1.7912844546220022e-14  0.0
2.0723146452190297e-14  0.0
2.3974349678010787e-14  0.0
2.773562614198418e-14  0.0
3.2086999973704435e-14  0.0
3.7121050090663573e-14  0.0
4.294487988789272e-14  0.0
4.9682395947343876e-14  0.0
5.747694424835359e-14  0.0
6.64943599666506e-14  0.0
7.69264957487913e-14  1.1484506834217771e-14
8.899530352885224e-14  4.7182985768369195e-12
1.0295755673125127e-13  6.525625099120015e-11
1.191103133283008e-13  7.719223914459529e-10
1.3779723598335597e-13  7.249506470284899e-9
1.5941590374559962e-13  6.65050270915052e-8
1.8442627085855328e-13  4.762099474902631e-7
2.133604526501411e-13  3.980929787218508e-6
2.468340467068651e-13  3.524130631098548e-5
2.855592301990112e-13  0.0003084353515226138
3.3035991201283325e-13  0.0026707703707621
3.821892620633115e-13  0.01965816086090661
4.421499907374487e-13  0.16657265094908524
5.115178099293146e-13  1.3996103764799204
5.917685748188831e-13  11.43814938742561
6.846096838574644e-13  88.84203664864475
7.92016405019254e-13  490.47226909647463
9.162739011886732e-13  1230.8635823897805
1.0600258488068823e-12  1912.6137173480645
1.2263306841775643e-12  2279.83365505187
1.418726674116599e-12  2338.6823959655894
1.6413071953751266e-12  2190.0238964531923
1.8988078244652613e-12  1921.674621763126
2.196707090793235e-12  1552.9568169183572
2.541343036702639e-12  1111.0562071731338
2.9400480643347135e-12  606.065852567777
3.401304938279246e-12  261.4550704518111
3.934927263095846e-12  105.56122323325073
4.5522682755073095e-12  39.17273186891888
5.2664623934842805e-12  12.971885675277727
6.092704661368687e-12  4.052889802865967
7.048574036451889e-12  1.4404828701823351
8.154407395185153e-12  0.48930606812439165
9.433732216299774e-12  0.05931643283255688
1.0913767146512738e-11  0.0024924263585544963
1.2626001098748577e-11  0.0003911707638262727
1.460686320364992e-11  NaN
1.6898497868124553e-11  NaN
1.9549661430912594e-11  NaN
2.2616759492228647e-11  NaN
2.6165046987488236e-11  NaN
3.027001653763468e-11  NaN
3.5019004614317055e-11  NaN
4.051304969235378e-11  NaN
4.6869041923141924e-11  NaN
5.422221006501592e-11  NaN
6.272899858196256e-11  NaN
7.257039612324201e-11  NaN
8.395578619995103e-11  NaN
9.712740198471168e-11  NaN
1.1236548001387516e-10  NaN
1.2999422244132474e-10  NaN
1.503886946955407e-10  NaN
1.7398280529303622e-10  NaN
2.0127853758499384e-10  NaN
2.3285662984981966e-10  NaN
2.693889309590175e-10  NaN
3.116526944929437e-10  NaN
3.6054711542504984e-10  NaN
4.1711246120565164e-10  NaN
4.825522042741279e-10  NaN
5.582586268862701e-10  NaN
6.458424430196992e-10  NaN
7.471670675868066e-10  NaN
8.643882620598262e-10  NaN
1.0e-9  NaN
