1.0e-14  0.0
1.1236548001387516e-14  0.0
1.2626001098748577e-14  0.0
1.418726674116599e-14  0.0
1.5941590374559962e-14  0.0
1.7912844546220022e-14  0.0
2.0127853758499385e-14  0.0
2.2616759492228646e-14  0.0
2.541343036702639e-14  0.0
2.855592301990112e-14  0.0
3.2086999973704435e-14  0.0
3.605471154250499e-14  0.0
4.051304969235378e-14  0.0
4.55226827550731e-14  0.0
5.1151780992931456e-14  0.0
5.747694424835359e-14  0.0
6.458424430196992e-14  0.0
7.257039612324201e-14  0.0
8.154407395185154e-14  8.25417844457025e-21
9.162739011886732e-14  7.050896908306479e-19
1.0295755673125127e-13  1.8443826526862942e-17
1.1568875283162833e-13  2.3130644160638813e-16
1.2999422244132476e-13  1.8926435436123823e-15
1.460686320364992e-13  2.4055563492313306e-14
1.6413071953751266e-13  5.233699571525881e-13
1.8442627085855328e-13  5.294154378304533e-12
2.0723146452190296e-13  4.293750467732986e-11
2.3285662984981966e-13  3.1256071980674533e-10
2.6165046987488235e-13  3.234650391919046e-9
2.940048064334714e-13  2.803957760612499e-8
3.3035991201283325e-13  2.0851103568544074e-7
3.712105009066357e-13  8.754093827411712e-7
4.171124612056516e-13  8.836319150871138e-6
4.686904192314193e-13  5.9817190212692826e-5
5.266462393484281e-13  0.0003879935953466745
5.917685748188831e-13  0.0024142827233668875
6.649435996665059e-13  0.016612796020229845
7.471670675868067e-13  0.08139568384320901
8.395578619995104e-13  0.25755887629215635
9.433732216299774e-13  0.5254393702012627
1.0600258488068823e-12  0.7964297412564896
1.191103133283008e-12  0.9937824766680358
1.3383887531737591e-12  1.0834573790867306
1.503886946955407e-12  1.094500927343296
1.6898497868124552e-12  1.039738827310866
1.8988078244652613e-12  0.9421538192842907
2.133604526501411e-12  0.8089952703883273
2.3974349678010785e-12  0.6517150365705789
2.6938893095901753e-12  0.46269356226640557
3.027001653763468e-12  0.27440042369406403
3.401304938279246e-12  0.14686123734224596
3.821892620633115e-12  0.0759173821588381
4.294487988789272e-12  0.040363428946255255
4.825522042741279e-12  0.019356834629431125
5.422221006501592e-12  0.009503342024374972
6.092704661368687e-12  0.003888135198512564
6.846096838574644e-12  0.001936861538206901
7.69264957487913e-12  0.0010234038984380173
8.643882620598262e-12  0.0002422297790033446
9.712740198471168e-12  7.708330022228808e-5
1.0913767146512738e-11  5.2132708868112985e-6
1.2263306841775644e-11  1.8467403040455919e-6
1.3779723598335597e-11  0.0
1.548365256585496e-11  0.0
1.739828052930362e-11  0.0
1.9549661430912594e-11  0.0
2.1967070907932354e-11  0.0
2.4683404670686512e-11  0.0
2.773562614198418e-11  0.0
3.1165269449294365e-11  0.0
3.5019004614317055e-11  0.0
3.9349272630958454e-11  0.0
4.421499907374487e-11  0.0
4.9682395947343876e-11  0.0
5.5825862688627005e-11  0.0
6.272899858196256e-11  0.0
7.048574036451889e-11  0.0
7.92016405019254e-11  0.0
8.899530352885224e-11  0.0
1.0e-10  0.0
