1.0e-14  0.0
1.1568875283162833e-14  0.0
1.338388753173759e-14  0.0
1.548365256585496e-14  0.0
1.7912844546220022e-14  0.0
2.0723146452190297e-14  0.0
2.3974349678010787e-14  0.0
2.773562614198418e-14  0.0
3.2086999973704435e-14  0.0
3.7121050090663573e-14  1.5560564035374245e-17
4.294487988789272e-14  9.42886134302876e-16
4.9682395947343876e-14  2.577854017225875e-14
5.747694424835359e-14  4.731228484166139e-13
6.64943599666506e-14  5.8133530660444926e-12
7.69264957487913e-14  6.360810840930596e-11
8.899530352885224e-14  6.503219879247586e-10
1.0295755673125127e-13  6.367720751306004e-9
1.191103133283008e-13  6.059612050690648e-8
1.3779723598335597e-13  4.407077783117037e-7
1.5941590374559962e-13  3.7264472257968802e-6
1.8442627085855328e-13  3.329419127131802e-5
2.133604526501411e-13  0.00029246893271955127
2.468340467068651e-13  0.00252870875441644
2.855592301990112e-13  0.020509081228025135
3.3035991201283325e-13  0.15586752947988375
3.821892620633115e-13  1.2332505193783163
4.421499907374487e-13  7.15461340079513
5.115178099293146e-13  30.65196585790736
5.917685748188831e-13  99.61064217983572
6.846096838574644e-13  228.95331964889127
7.92016405019254e-13  420.13521414951896
9.162739011886732e-13  685.7110751635275
1.0600258488068823e-12  948.1029253578159
1.2263306841775643e-12  1143.5896615721824
1.418726674116599e-12  1245.9904837944055
1.6413071953751266e-12  1243.1937177267216
1.8988078244652613e-12  1133.461840225391
2.196707090793235e-12  951.6387155537321
2.541343036702639e-12  740.9760721939574
2.9400480643347135e-12  518.9617770183872
3.401304938279246e-12  316.25861469904214
3.934927263095846e-12  175.73571064722714
4.5522682755073095e-12  86.56972564920672
5.2664623934842805e-12  33.243820033630875
6.092704661368687e-12  13.884264939948409
7.048574036451889e-12  0.30296923049738567
8.154407395185153e-12  0.07300667821615323
9.433732216299774e-12  0.04614790731685615
1.0913767146512738e-11  0.029052452466004377
1.2626001098748577e-11  0.01666908450165206
1.460686320364992e-11  9.240156187871062e-6
1.6898497868124553e-11  6.368227129289905e-9
1.9549661430912594e-11  5.656798974547687e-9
2.2616759492228647e-11  4.8749400627165906e-9
2.6165046987488236e-11  1.0942870890318072e-9
3.027001653763468e-11  8.235097148202833e-10
3.5019004614317055e-11  5.107900476675076e-10
4.051304969235378e-11  1.348257695888983e-10
4.6869041923141924e-11  NaN
5.422221006501592e-11  NaN
6.272899858196256e-11  NaN
7.257039612324201e-11  NaN
8.395578619995103e-11  NaN
9.712740198471168e-11  NaN
1.1236548001387516e-10  NaN
1.2999422244132474e-10  NaN
1.503886946955407e-10  NaN
1.7398280529303622e-10  NaN
2.0127853758499384e-10  NaN
2.3285662984981966e-10  NaN
2.693889309590175e-10  NaN
3.116526944929437e-10  NaN
3.6054711542504984e-10  NaN
4.1711246120565164e-10  NaN
4.825522042741279e-10  NaN
5.582586268862701e-10  NaN
6.458424430196992e-10  NaN
7.471670675868066e-10  NaN
8.643882620598262e-10  NaN
1.0e-9  NaN
