1.0e-14  0.0
1.1568875283162833e-14  0.0
1.338388753173759e-14  0.0
1.548365256585496e-14  0.0
1.7912844546220022e-14  0.0
2.0723146452190297e-14  0.0
2.3974349678010787e-14  0.0
2.773562614198418e-14  0.0
3.2086999973704435e-14  0.0
3.7121050090663573e-14  0.0
4.294487988789272e-14  1.283046509643103e-20
4.9682395947343876e-14  1.2629258477779674e-18
5.747694424835359e-14  3.368739322137531e-17
6.64943599666506e-14  5.388458370740942e-16
7.69264957487913e-14  6.956512472356994e-15
8.899530352885224e-14  8.622821935369812e-14
1.0295755673125127e-13  9.761958703584948e-13
1.191103133283008e-13  1.0308813255310736e-11
1.3779723598335597e-13  1.0352340161637895e-10
1.5941590374559962e-13  1.0232623082549241e-9
1.8442627085855328e-13  7.608884276248432e-9
2.133604526501411e-13  7.967503866337127e-8
2.468340467068651e-13  8.214340235080689e-7
2.855592301990112e-13  7.063536218900981e-6
3.3035991201283325e-13  5.994944030661002e-5
3.821892620633115e-13  0.00048220124233157633
4.421499907374487e-13  0.0030369331690425533
5.115178099293146e-13  0.014318950222187467
5.917685748188831e-13  0.04547454011371431
6.846096838574644e-13  0.10874344214344996
7.92016405019254e-13  0.20794041487821227
9.162739011886732e-13  0.34124996019005444
1.0600258488068823e-12  0.4736545089328506
1.2263306841775643e-12  0.574871643946618
1.418726674116599e-12  0.6301266442359504
1.6413071953751266e-12  0.6343568757108263
1.8988078244652613e-12  0.5897960851200971
2.196707090793235e-12  0.5202876658704566
2.541343036702639e-12  0.4450487398838396
2.9400480643347135e-12  0.3742674031663366
3.401304938279246e-12  0.3107122757408829
3.934927263095846e-12  0.25915917290468693
4.5522682755073095e-12  0.21489917066970093
5.2664623934842805e-12  0.17525237200079544
6.092704661368687e-12  0.13962467292062022
7.048574036451889e-12  0.10219455839099512
8.154407395185153e-12  0.07271436413806481
9.433732216299774e-12  0.04620108358819355
1.0913767146512738e-11  0.02636642072246855
1.2626001098748577e-11  0.015271939518302743
1.460686320364992e-11  0.006908348384635257
1.6898497868124553e-11  0.0026126966514262557
1.9549661430912594e-11  0.00042895936771775926
2.2616759492228647e-11  2.7601372457545294e-5
2.6165046987488236e-11  6.253957712181467e-6
3.027001653763468e-11  4.489399649370565e-6
3.5019004614317055e-11  2.78795271563706e-6
4.051304969235378e-11  1.0902775531362943e-6
4.6869041923141924e-11  1.153210512116938e-9
5.422221006501592e-11  8.218829896188554e-13
6.272899858196256e-11  5.996978242842495e-13
7.257039612324201e-11  2.1363788351988205e-13
8.395578619995103e-11  1.5464854950369761e-13
9.712740198471168e-11  1.0610144316687554e-13
1.1236548001387516e-10  5.375781045668853e-14
1.2999422244132474e-10  NaN
1.503886946955407e-10  NaN
1.7398280529303622e-10  NaN
2.0127853758499384e-10  NaN
2.3285662984981966e-10  NaN
2.693889309590175e-10  NaN
3.116526944929437e-10  NaN
3.6054711542504984e-10  NaN
4.1711246120565164e-10  NaN
4.825522042741279e-10  NaN
5.582586268862701e-10  NaN
6.458424430196992e-10  NaN
7.471670675868066e-10  NaN
8.643882620598262e-10  NaN
1.0e-9  NaN
