1.0e-14  0.0
1.1568875283162833e-14  0.0
1.338388753173759e-14  0.0
1.548365256585496e-14  0.0
1.7912844546220022e-14  0.0
2.0723146452190297e-14  0.0
2.3974349678010787e-14  0.0
2.773562614198418e-14  0.0
3.2086999973704435e-14  0.0
3.7121050090663573e-14  8.69876717902504e-22
4.294487988789272e-14  5.996562283543987e-20
4.9682395947343876e-14  2.0660838365950977e-18
5.747694424835359e-14  4.27351680704338e-17
6.64943599666506e-14  5.567437167163615e-16
7.69264957487913e-14  7.065718157084313e-15
8.899530352885224e-14  8.638890041819212e-14
1.0295755673125127e-13  9.76303259819357e-13
1.191103133283008e-13  1.0309939934521892e-11
1.3779723598335597e-13  1.0352356835643841e-10
1.5941590374559962e-13  1.02326247147159e-9
1.8442627085855328e-13  7.608885261118768e-9
2.133604526501411e-13  7.967504059778792e-8
2.468340467068651e-13  8.214340235444063e-7
2.855592301990112e-13  7.06353621890769e-6
3.3035991201283325e-13  5.994944030660075e-5
3.821892620633115e-13  0.00048220124233157644
4.421499907374487e-13  0.0030369331690416382
5.115178099293146e-13  0.014318950221301937
5.917685748188831e-13  0.04547454008201632
6.846096838574644e-13  0.10874344134578624
7.92016405019254e-13  0.20794039941574977
9.162739011886732e-13  0.3412496317823327
1.0600258488068823e-12  0.4736481247157214
1.2263306841775643e-12  0.57476174178494
1.418726674116599e-12  0.6291382205320448
1.6413071953751266e-12  0.6292480728103859
1.8988078244652613e-12  0.5732628238763295
2.196707090793235e-12  0.48465457547382146
2.541343036702639e-12  0.3818162411743405
2.9400480643347135e-12  0.27734453327583647
3.401304938279246e-12  0.182842705271613
3.934927263095846e-12  0.10763685722533217
4.5522682755073095e-12  0.05951303537550518
5.2664623934842805e-12  0.026953781349616575
6.092704661368687e-12  0.01175722851241147
7.048574036451889e-12  0.0003273246586433865
8.154407395185153e-12  8.446141609902861e-5
9.433732216299774e-12  6.165666945369938e-5
1.0913767146512738e-11  4.192232778228186e-5
1.2626001098748577e-11  2.497083725326262e-5
1.460686320364992e-11  6.509222320511717e-9
1.6898497868124553e-11  1.347951911184252e-11
1.9549661430912594e-11  1.1973014620543653e-11
2.2616759492228647e-11  1.0316598508051332e-11
2.6165046987488236e-11  2.481054629364057e-12
3.027001653763468e-11  1.8669076316098117e-12
3.5019004614317055e-11  1.1577904271328786e-12
4.051304969235378e-11  3.055608977901683e-13
4.6869041923141924e-11  NaN
5.422221006501592e-11  NaN
6.272899858196256e-11  NaN
7.257039612324201e-11  NaN
8.395578619995103e-11  NaN
9.712740198471168e-11  NaN
1.1236548001387516e-10  NaN
1.2999422244132474e-10  NaN
1.503886946955407e-10  NaN
1.7398280529303622e-10  NaN
2.0127853758499384e-10  NaN
2.3285662984981966e-10  NaN
2.693889309590175e-10  NaN
3.116526944929437e-10  NaN
3.6054711542504984e-10  NaN
4.1711246120565164e-10  NaN
4.825522042741279e-10  NaN
5.582586268862701e-10  NaN
6.458424430196992e-10  NaN
7.471670675868066e-10  NaN
8.643882620598262e-10  NaN
1.0e-9  NaN
