1.0e-14  0.0
1.1073981597318823e-14  0.0
1.2263306841775645e-14  0.0
1.3580363428809749e-14  0.0
1.503886946955407e-14  0.0
1.6654016375032233e-14  0.0
1.8442627085855328e-14  0.0
2.042333129549764e-14  0.0
2.2616759492228646e-14  0.0
2.5045757840792582e-14  0.0
2.773562614198418e-14  0.0
3.0714381348644766e-14  2.0179289433614832e-11
3.401304938279246e-14  9.878886604358836e-13
3.766598829337416e-14  1.142533421884879e-13
4.171124612056516e-14  0.00042628291546216435
4.6190957194037664e-14  0.002947045762844503
5.1151780992931456e-14  0.017910952170265518
5.6645388138580565e-14  0.10250932363869847
6.272899858196256e-14  0.5634449167656803
6.94659775914892e-14  3.387199530260844
7.69264957487913e-14  12.539985388818911
8.51882598268343e-14  48.1324690732618
9.433732216299774e-14  222.56535751758898
1.044689769573374e-13  923.065864343481
1.1568875283162833e-13  2583.0131950671953
1.281135119874218e-13  5489.825001191578
1.4187266741165992e-13  8652.461534255597
1.5710953080792556e-13  11346.017887627884
1.7398280529303623e-13  13147.05776508514
1.926682384064995e-13  14167.615089294592
2.133604526501411e-13  14593.824136523343
2.3627497262432764e-13  14203.403104007484
2.6165046987488235e-13  13218.231665931746
2.89751248832427e-13  11811.565730513528
3.208699997370444e-13  9940.049879990476
3.5533084722197394e-13  8181.958931319176
3.934927263095845e-13  6288.999853200076
4.357531209831169e-13  4673.693760161198
4.825522042741279e-13  3328.0892720291117
5.343774229877325e-13  2301.7308924433555
5.917685748188831e-13  1545.7503609130003
6.553234307415898e-13  1014.0416276499014
7.257039612324201e-13  637.7115608016447
8.036432311789225e-13  392.5842469149262
8.899530352885224e-13  232.42215564532808
9.855323535263167e-13  133.698027706708
1.0913767146512739e-12  72.50240126260255
1.2085885653790481e-12  36.52745103036367
1.3383887531737591e-12  16.673877639098926
1.4821292422704692e-12  6.3760572697372275
1.6413071953751266e-12  2.009602777813447
1.8175805677131196e-12  0.4606792564300042
2.0127853758499383e-12  0.012963535789592794
2.2289548211514667e-12  0.0
2.4683404670686512e-12  0.0
2.733435690823559e-12  0.0
3.027001653763468e-12  0.0
3.3520960608830283e-12  0.0
3.712105009066357e-12  0.0
4.110778255771603e-12  0.0
4.5522682755073095e-12  0.0
5.041173510902624e-12  0.0
5.5825862688627005e-12  0.0
6.182145760683029e-12  0.0
6.846096838574644e-12  0.0
7.581355040383849e-12  0.0
8.395578619995104e-12  0.0
9.297248313666952e-12  0.0
1.0295755673125127e-11  0.0
1.1401500885467853e-11  NaN
1.2626001098748577e-11  NaN
1.3982010381526897e-11  NaN
1.548365256585496e-11  NaN
1.714656835735569e-11  NaN
1.8988078244652614e-11  NaN
2.102736290497338e-11  NaN
2.3285662984981966e-11  NaN
2.5786500337705837e-11  NaN
2.855592301990112e-11  NaN
3.1622776601683794e-11  NaN
