1.0e-14  0.0
1.1073981597318823e-14  0.0
1.2263306841775645e-14  0.0
1.3580363428809749e-14  0.0
1.503886946955407e-14  0.0
1.6654016375032233e-14  0.0
1.8442627085855328e-14  0.0
2.042333129549764e-14  0.0
2.2616759492228646e-14  0.0
2.5045757840792582e-14  0.0
2.773562614198418e-14  0.0
3.0714381348644766e-14  1.9789286821325668e-11
3.401304938279246e-14  9.631015954581244e-13
3.766598829337416e-14  1.0615100249291618e-13
4.171124612056516e-14  0.0006054672197769852
4.6190957194037664e-14  0.004650468088458269
5.1151780992931456e-14  0.03130295443629183
5.6645388138580565e-14  0.2004069630415482
6.272899858196256e-14  1.2323546184439464
6.94659775914892e-14  7.0870085645208425
7.69264957487913e-14  36.50726816915339
8.51882598268343e-14  211.39231713889717
9.433732216299774e-14  889.2321818170261
1.044689769573374e-13  3859.560903077177
1.1568875283162833e-13  12422.380343173758
1.281135119874218e-13  25245.08852231285
1.4187266741165992e-13  36584.20999410116
1.5710953080792556e-13  44477.87779929266
1.7398280529303623e-13  51141.20095729066
1.926682384064995e-13  58636.632722048045
2.133604526501411e-13  64276.47097831539
2.3627497262432764e-13  69961.64578590027
2.6165046987488235e-13  76757.19700127757
2.89751248832427e-13  81073.8638531012
3.208699997370444e-13  85629.77241445423
3.5533084722197394e-13  89524.45016359369
3.934927263095845e-13  94175.80644934699
4.357531209831169e-13  98895.94239979908
4.825522042741279e-13  102996.09244929675
5.343774229877325e-13  106954.10835849577
5.917685748188831e-13  109883.61705632365
6.553234307415898e-13  111677.5691088912
7.257039612324201e-13  112686.13862357497
8.036432311789225e-13  113414.4364066128
8.899530352885224e-13  112731.13987761101
9.855323535263167e-13  110363.92085673164
1.0913767146512739e-12  106118.54673171838
1.2085885653790481e-12  99829.3598654808
1.3383887531737591e-12  90803.87047665742
1.4821292422704692e-12  79140.9022949834
1.6413071953751266e-12  64762.197045940346
1.8175805677131196e-12  50015.02318505086
2.0127853758499383e-12  35891.43615367951
2.2289548211514667e-12  24626.970435496012
2.4683404670686512e-12  16078.58545219664
2.733435690823559e-12  9973.680901759335
3.027001653763468e-12  5975.462557477738
3.3520960608830283e-12  3686.8135874074724
3.712105009066357e-12  2148.7160941658467
4.110778255771603e-12  1243.9588175753759
4.5522682755073095e-12  704.7647314309717
5.041173510902624e-12  387.6054206577034
5.5825862688627005e-12  220.45462337946216
6.182145760683029e-12  112.00613077269595
6.846096838574644e-12  57.79215516017159
7.581355040383849e-12  28.456701320608172
8.395578619995104e-12  13.607917283990755
9.297248313666952e-12  6.224298371377075
1.0295755673125127e-11  2.700592552293995
1.1401500885467853e-11  1.0721250491817347
1.2626001098748577e-11  0.3899241114445864
1.3982010381526897e-11  0.12324990663963387
1.548365256585496e-11  0.031534314468843916
1.714656835735569e-11  0.004391388346317807
1.8988078244652614e-11  0.0005376818645555512
2.102736290497338e-11  NaN
2.3285662984981966e-11  NaN
2.5786500337705837e-11  NaN
2.855592301990112e-11  NaN
3.1622776601683794e-11  NaN
