1.0e-14  0.0
1.1236548001387516e-14  0.0
1.2626001098748577e-14  0.0
1.418726674116599e-14  0.0
1.5941590374559962e-14  0.0
1.7912844546220022e-14  0.0
2.0127853758499385e-14  0.0
2.2616759492228646e-14  0.0
2.541343036702639e-14  0.0
2.855592301990112e-14  0.0
3.2086999973704435e-14  0.0
3.605471154250499e-14  0.0
4.051304969235378e-14  0.0
4.55226827550731e-14  0.0
5.1151780992931456e-14  0.0
5.747694424835359e-14  0.0
6.458424430196992e-14  3.775097265142267e-10
7.257039612324201e-14  2.2671136214524576e-8
8.154407395185154e-14  1.0618212603549685e-7
9.162739011886732e-14  4.670359632750693e-6
1.0295755673125127e-13  0.00010493845665623193
1.1568875283162833e-13  0.0007991274532213879
1.2999422244132476e-13  0.007476018085141456
1.460686320364992e-13  0.08355387949042398
1.6413071953751266e-13  0.23824917768567744
1.8442627085855328e-13  0.5186527319187945
2.0723146452190296e-13  1.1454148114130982
2.3285662984981966e-13  1.6181296471764217
2.6165046987488235e-13  3.7301934033954516
2.940048064334714e-13  5.2629929334816214
3.3035991201283325e-13  6.442434254155291
3.712105009066357e-13  7.662473084032396
4.171124612056516e-13  7.778756471603011
4.686904192314193e-13  7.363507486576652
5.266462393484281e-13  6.260853033627664
5.917685748188831e-13  4.899048086831209
6.649435996665059e-13  3.553211637201233
7.471670675868067e-13  2.4165543974967645
8.395578619995104e-13  1.5643109911848454
9.433732216299774e-13  0.9310555036542525
1.0600258488068823e-12  0.4195922287568338
1.191103133283008e-12  0.2182156928012077
1.3383887531737591e-12  0.11963608444245798
1.503886946955407e-12  0.056969587243371936
1.6898497868124552e-12  0.01788138492451309
1.8988078244652613e-12  7.976563186658971e-5
2.133604526501411e-12  3.462843919301751e-5
2.3974349678010785e-12  0.0
2.6938893095901753e-12  0.0
3.027001653763468e-12  0.0
3.401304938279246e-12  0.0
3.821892620633115e-12  0.0
4.294487988789272e-12  0.0
4.825522042741279e-12  0.0
5.422221006501592e-12  0.0
6.092704661368687e-12  0.0
6.846096838574644e-12  0.0
7.69264957487913e-12  0.0
8.643882620598262e-12  0.0
9.712740198471168e-12  0.0
1.0913767146512738e-11  0.0
1.2263306841775644e-11  0.0
1.3779723598335597e-11  0.0
1.548365256585496e-11  0.0
1.739828052930362e-11  0.0
1.9549661430912594e-11  0.0
2.1967070907932354e-11  0.0
2.4683404670686512e-11  0.0
2.773562614198418e-11  0.0
3.1165269449294365e-11  0.0
3.5019004614317055e-11  0.0
3.9349272630958454e-11  0.0
4.421499907374487e-11  0.0
4.9682395947343876e-11  0.0
5.5825862688627005e-11  0.0
6.272899858196256e-11  0.0
7.048574036451889e-11  0.0
7.92016405019254e-11  0.0
8.899530352885224e-11  0.0
1.0e-10  0.0
