1.0e-14  0.0
1.1073981597318823e-14  0.0
1.2263306841775645e-14  0.0
1.3580363428809749e-14  0.0
1.503886946955407e-14  0.0
1.6654016375032233e-14  0.0
1.8442627085855328e-14  0.0
2.042333129549764e-14  0.0
2.2616759492228646e-14  0.0
2.5045757840792582e-14  0.0
2.773562614198418e-14  0.0
3.0714381348644766e-14  3.043046619362457e-10
3.401304938279246e-14  1.4898404775140594e-11
3.766598829337416e-14  1.7230604765976907e-12
4.171124612056516e-14  6.049418502047001e-5
4.6190957194037664e-14  0.0004176118894605654
5.1151780992931456e-14  0.002275027282881848
5.6645388138580565e-14  0.011635792275904765
6.272899858196256e-14  0.05600161164144161
6.94659775914892e-14  0.25834866257170985
7.69264957487913e-14  1.034310638708783
8.51882598268343e-14  3.008386826126156
9.433732216299774e-14  12.72975871560357
1.044689769573374e-13  45.776222953803234
1.1568875283162833e-13  134.97458722189666
1.281135119874218e-13  289.20154632178685
1.4187266741165992e-13  479.5988963519449
1.5710953080792556e-13  647.2384823665519
1.7398280529303623e-13  769.0780988901935
1.926682384064995e-13  911.6254182862631
2.133604526501411e-13  1093.802342097989
2.3627497262432764e-13  1154.025635558579
2.6165046987488235e-13  1212.5222117125013
2.89751248832427e-13  1229.1930500920419
3.5533084722197394e-13  1043.5983659742924
3.934927263095845e-13  928.6557137608543
4.357531209831169e-13  812.298126406893
4.825522042741279e-13  700.7464820635046
5.343774229877325e-13  595.879730064759
5.917685748188831e-13  498.90581819052164
6.553234307415898e-13  407.42512967876837
7.257039612324201e-13  324.8244260547954
8.036432311789225e-13  258.05100419671356
8.899530352885224e-13  202.67161551427645
9.855323535263167e-13  155.72869034593666
1.0913767146512739e-12  116.47944925699052
1.2085885653790481e-12  85.98492212044874
1.3383887531737591e-12  62.593504575890286
1.4821292422704692e-12  44.05344901792081
1.6413071953751266e-12  30.356314157791637
1.8175805677131196e-12  19.895815589000264
2.0127853758499383e-12  12.644169121830533
2.2289548211514667e-12  7.7886861457702965
2.4683404670686512e-12  4.675451027619867
2.733435690823559e-12  2.742302956099095
3.027001653763468e-12  1.5595944280845342
3.3520960608830283e-12  0.8515944711133532
3.712105009066357e-12  0.4344472558818959
4.110778255771603e-12  0.20710433829543257
4.5522682755073095e-12  0.09126824352254666
5.041173510902624e-12  0.03790682625269766
5.5825862688627005e-12  0.008780711724134615
6.182145760683029e-12  0.0026745238547357633
6.846096838574644e-12  0.0
7.581355040383849e-12  7.253556556357761e-5
8.395578619995104e-12  3.498253052699019e-5
9.297248313666952e-12  0.0
1.0295755673125127e-11  0.0
1.1401500885467853e-11  NaN
1.2626001098748577e-11  NaN
1.3982010381526897e-11  NaN
1.548365256585496e-11  NaN
1.714656835735569e-11  NaN
1.8988078244652614e-11  NaN
2.102736290497338e-11  NaN
2.3285662984981966e-11  NaN
2.5786500337705837e-11  NaN
2.855592301990112e-11  NaN
3.1622776601683794e-11  NaN
