1.0e-14  0.0
1.584893192461111e-14  0.0
2.5118864315095823e-14  0.0
3.9810717055349693e-14  1.7883382937474089e-9
6.309573444801943e-14  6.93217772667835e-5
1.0e-13  0.24688813527311407
1.584893192461111e-13  386.28093382668743
2.511886431509582e-13  3285.6291225510104
3.981071705534969e-13  4047.4513078582145
6.309573444801942e-13  2633.8727142307566
1.0e-12  1223.978387166869
1.584893192461111e-12  442.11722282786457
2.5118864315095823e-12  131.28689432262397
3.9810717055349695e-12  26.53339676835453
6.309573444801943e-12  3.357028841417192
1.0e-11  0.29548218667875353
