1.0e-14  0.0
1.1073981597318823e-14  0.0
1.2263306841775645e-14  0.0
1.3580363428809749e-14  0.0
1.503886946955407e-14  0.0
1.6654016375032233e-14  0.0
1.8442627085855328e-14  0.0
2.042333129549764e-14  0.0
2.2616759492228646e-14  0.0
2.5045757840792582e-14  0.0
2.773562614198418e-14  0.0
3.0714381348644766e-14  2.984245956454629e-10
3.401304938279246e-14  1.4524584265342113e-11
3.766598829337416e-14  1.6008686784764326e-12
4.171124612056516e-14  8.683732474203881e-5
4.6190957194037664e-14  0.0007794059371965165
5.1151780992931456e-14  0.005116639144081509
5.6645388138580565e-14  0.02941660006229692
6.272899858196256e-14  0.15728321083413635
6.94659775914892e-14  0.7847450544088125
7.69264957487913e-14  3.620373446369899
8.51882598268343e-14  14.424120997994361
9.433732216299774e-14  61.50200501566073
1.044689769573374e-13  258.65961962004263
1.1568875283162833e-13  1000.4605691245449
1.281135119874218e-13  3679.8218115277764
1.4187266741165992e-13  11246.393938026777
1.5710953080792556e-13  23199.970773628265
1.7398280529303623e-13  34174.74803297317
1.926682384064995e-13  42442.31549569571
2.133604526501411e-13  50210.27686409977
2.3627497262432764e-13  55855.7721527271
2.6165046987488235e-13  60449.50508451524
2.89751248832427e-13  64970.39896420501
3.208699997370444e-13  69203.21368375218
3.5533084722197394e-13  72868.96198453299
3.934927263095845e-13  76743.08884508537
4.357531209831169e-13  79003.68472647424
5.343774229877325e-13  83676.40676315974
5.917685748188831e-13  84842.96661974459
6.553234307415898e-13  85039.62306871846
7.257039612324201e-13  84301.65445411376
8.036432311789225e-13  81861.88456650652
8.899530352885224e-13  77968.46241876032
9.855323535263167e-13  72363.76706568134
1.0913767146512739e-12  65283.771793813794
1.2085885653790481e-12  56435.339794288884
1.3383887531737591e-12  46197.853158228456
1.4821292422704692e-12  36291.8324846775
1.6413071953751266e-12  26746.609674119994
1.8175805677131196e-12  19207.730618688023
2.0127853758499383e-12  13128.980170884015
2.2289548211514667e-12  8774.486024648833
2.4683404670686512e-12  5702.476727935267
2.733435690823559e-12  3552.342901142692
3.027001653763468e-12  2162.2092868551895
3.3520960608830283e-12  1359.0230013303735
3.712105009066357e-12  804.4098694787581
4.110778255771603e-12  473.5394696921359
4.5522682755073095e-12  271.36904148827455
5.041173510902624e-12  151.01132775724895
5.5825862688627005e-12  86.78041403182596
6.182145760683029e-12  44.49616082188518
6.846096838574644e-12  23.153613339282916
7.581355040383849e-12  11.515911512012893
8.395578619995104e-12  5.557917621225381
9.297248313666952e-12  2.569239163921118
1.0295755673125127e-11  1.127347847447648
1.1401500885467853e-11  0.45569771847043034
1.2626001098748577e-11  0.1686077047479784
1.3982010381526897e-11  0.054617150966634644
1.548365256585496e-11  0.014430221365142938
1.714656835735569e-11  0.002110005797430435
1.8988078244652614e-11  0.00025961113300920833
2.102736290497338e-11  NaN
2.3285662984981966e-11  NaN
2.5786500337705837e-11  NaN
2.855592301990112e-11  NaN
3.1622776601683794e-11  NaN
