1.0e-14  0.0
1.0913767146512739e-14  0.0
1.191103133283008e-14  0.0
1.2999422244132476e-14  0.0
1.418726674116599e-14  0.0
1.548365256585496e-14  0.0
1.6898497868124553e-14  0.0
1.8442627085855328e-14  0.0
2.0127853758499385e-14  0.0
2.1967070907932353e-14  0.0
2.3974349678010787e-14  0.0
2.6165046987488236e-14  0.0
2.855592301990112e-14  0.0
3.1165269449294366e-14  2.9023570800983825e-11
3.401304938279246e-14  3.2699679232002617e-10
3.7121050090663573e-14  1.9785207738375442e-9
4.051304969235378e-14  5.09710581186081e-9
4.421499907374487e-14  6.405910175855317e-8
4.825522042741279e-14  5.911413753767574e-7
5.266462393484281e-14  2.833047020575495e-6
5.747694424835359e-14  1.4719625173543897e-5
6.272899858196256e-14  7.405508219791763e-5
6.846096838574644e-14  0.0003556550002051783
7.471670675868067e-14  0.0016689320955221682
8.154407395185154e-14  0.0065890420601494104
8.899530352885224e-14  0.030796303911990897
9.712740198471167e-14  0.1594394792375961
1.0600258488068824e-13  0.5776386328531851
1.1568875283162833e-13  2.3940588197575075
1.2626001098748578e-13  9.516850552811725
1.3779723598335597e-13  37.31929970173852
1.503886946955407e-13  140.04245181384002
1.6413071953751266e-13  458.1245630578606
1.791284454622002e-13  1148.1557955770072
1.9549661430912595e-13  2186.979693262206
2.133604526501411e-13  3567.767773010875
2.3285662984981966e-13  4908.471954620135
2.541343036702639e-13  6142.308456475951
2.7735626141984177e-13  7223.523481028527
3.0270016537634676e-13  8049.083624020173
3.3035991201283325e-13  8512.721352433085
3.6054711542504985e-13  8519.156636789967
3.934927263095845e-13  8528.188422956167
4.2944879887892724e-13  8185.665700839339
4.686904192314193e-13  7537.789933997906
5.115178099293146e-13  6760.347232139942
5.582586268862701e-13  5882.825252593356
6.092704661368686e-13  4989.458133542765
6.649435996665059e-13  4165.3157217724365
7.257039612324201e-13  3424.9958945855005
7.92016405019254e-13  2766.4986415293324
8.643882620598261e-13  2195.338025427492
9.433732216299774e-13  1696.45878241541
1.0295755673125128e-12  1294.0977910445004
1.1236548001387516e-12  983.9683707683196
1.2263306841775643e-12  724.8687405623214
1.3383887531737591e-12  526.588506446084
1.4606863203649918e-12  382.9568830672745
1.5941590374559962e-12  272.47871343184073
1.7398280529303622e-12  193.53577840430694
1.8988078244652613e-12  135.44213678249042
2.0723146452190297e-12  94.1879433641064
2.2616759492228644e-12  65.2975510234987
2.4683404670686512e-12  45.024537559040844
2.6938893095901753e-12  30.213026429905323
2.9400480643347135e-12  20.12087828900377
3.2086999973704436e-12  13.743035994044691
3.5019004614317056e-12  9.100403333270487
3.821892620633115e-12  5.943962570593256
4.171124612056516e-12  3.824199865550296
4.5522682755073095e-12  2.4638380583029402
4.968239594734387e-12  1.5481806894630792
5.422221006501592e-12  0.9888739364152617
5.917685748188831e-12  0.5875309019985443
6.458424430196991e-12  0.34875136270536944
7.048574036451889e-12  0.20237966733634616
7.69264957487913e-12  0.11497111867187067
8.395578619995104e-12  0.06318876822995516
9.162739011886731e-12  0.03306630945546011
1.0e-11  0.017228732334074792
