1.0e-14  0.0
1.0913767146512739e-14  0.0
1.191103133283008e-14  0.0
1.2999422244132476e-14  0.0
1.418726674116599e-14  0.0
1.548365256585496e-14  0.0
1.6898497868124553e-14  0.0
1.8442627085855328e-14  0.0
2.0127853758499385e-14  0.0
2.1967070907932353e-14  0.0
2.3974349678010787e-14  0.0
2.6165046987488236e-14  0.0
2.855592301990112e-14  0.0
3.1165269449294366e-14  2.9016312394707696e-11
3.401304938279246e-14  3.269841627439478e-10
3.7121050090663573e-14  1.978523483758497e-9
4.051304969235378e-14  5.0970498356787005e-9
4.421499907374487e-14  6.405892643749712e-8
4.825522042741279e-14  5.911413386019365e-7
5.266462393484281e-14  2.8330469513693406e-6
5.747694424835359e-14  1.4719625121975808e-5
6.272899858196256e-14  7.405508214875973e-5
6.846096838574644e-14  0.00035565500009739266
7.471670675868067e-14  0.0016689320954038447
8.154407395185154e-14  0.0065890420600004706
8.899530352885224e-14  0.030796303911950946
9.712740198471167e-14  0.1594394792375946
1.0600258488068824e-13  0.5776386328533496
1.1568875283162833e-13  2.394058819775891
1.2626001098748578e-13  9.516850552993386
1.3779723598335597e-13  37.31929970316143
1.503886946955407e-13  140.0424518240539
1.6413071953751266e-13  458.1245631286552
1.791284454622002e-13  1148.1557961017472
1.9549661430912595e-13  2186.979696585243
2.133604526501411e-13  3567.767887181761
2.3285662984981966e-13  4908.472091363585
2.541343036702639e-13  6142.316918842138
2.7735626141984177e-13  7223.52958976499
3.0270016537634676e-13  8049.101464095605
3.3035991201283325e-13  8512.854833472084
3.6054711542504985e-13  8519.617983470713
3.934927263095845e-13  8529.837418055755
4.2944879887892724e-13  8192.170595460666
4.686904192314193e-13  7567.76620518282
5.115178099293146e-13  6880.013453830144
5.582586268862701e-13  6185.299632108281
6.092704661368686e-13  5522.562364091421
6.649435996665059e-13  4864.305648839333
7.257039612324201e-13  4258.542066452664
7.92016405019254e-13  3701.4108838011302
8.643882620598261e-13  3175.139405046489
9.433732216299774e-13  2655.288340314685
1.0295755673125128e-12  2218.4171858363597
1.1236548001387516e-12  1865.1046098250752
1.2263306841775643e-12  1548.6253224618947
1.3383887531737591e-12  1267.070212036716
1.4606863203649918e-12  1034.2336585796604
1.5941590374559962e-12  829.6358237779173
1.7398280529303622e-12  670.2876402101219
1.8988078244652613e-12  535.8816797235297
2.0723146452190297e-12  428.17017604873416
2.2616759492228644e-12  338.441936253241
2.4683404670686512e-12  266.430032374173
2.6938893095901753e-12  200.19351028291632
2.9400480643347135e-12  150.74811437498195
3.2086999973704436e-12  112.60385785193506
3.5019004614317056e-12  82.29118079208035
3.821892620633115e-12  59.85956876422664
4.171124612056516e-12  42.23941427340134
4.5522682755073095e-12  29.747346845435363
4.968239594734387e-12  20.317805464098704
5.422221006501592e-12  13.8199225680113
5.917685748188831e-12  9.120775063498415
6.458424430196991e-12  5.8727402210514
7.048574036451889e-12  3.80220280584588
7.69264957487913e-12  2.3466149101327556
8.395578619995104e-12  1.5390586181541748
9.162739011886731e-12  0.9614757415268697
1.0e-11  0.5772061008370197
