1.0e-14  0.0
1.0913767146512739e-14  0.0
1.191103133283008e-14  0.0
1.2999422244132476e-14  0.0
1.418726674116599e-14  0.0
1.548365256585496e-14  0.0
1.6898497868124553e-14  0.0
1.8442627085855328e-14  0.0
2.0127853758499385e-14  0.0
2.1967070907932353e-14  0.0
2.3974349678010787e-14  0.0
2.6165046987488236e-14  0.0
2.855592301990112e-14  0.0
3.1165269449294366e-14  2.8461922889024673e-11
3.401304938279246e-14  3.1879213215413033e-10
3.7121050090663573e-14  1.9939066092151725e-9
4.051304969235378e-14  5.023064521549504e-9
4.421499907374487e-14  6.232361656889023e-8
4.825522042741279e-14  3.7860748295935364e-7
5.266462393484281e-14  1.8719327109780767e-6
5.747694424835359e-14  8.99748635640032e-6
6.272899858196256e-14  4.25705569029622e-5
6.846096838574644e-14  0.00019512546025991418
7.471670675868067e-14  0.0008676538150779497
8.154407395185154e-14  0.0025852046865593357
8.899530352885224e-14  0.011160157597903805
9.712740198471167e-14  0.047273291153033
1.0600258488068824e-13  0.17925937052312538
1.1568875283162833e-13  0.6186674742641526
1.2626001098748578e-13  1.4476691425629278
1.3779723598335597e-13  2.9015133090678975
1.503886946955407e-13  4.940734318298011
1.6413071953751266e-13  7.383139670984397
1.791284454622002e-13  7.188490847820132
1.9549661430912595e-13  12.3080534712074
2.133604526501411e-13  14.265069114861518
2.3285662984981966e-13  15.513726160541468
2.541343036702639e-13  15.912193455427213
2.7735626141984177e-13  15.597779185412584
3.0270016537634676e-13  14.726656451661267
3.3035991201283325e-13  13.260276030455449
3.6054711542504985e-13  11.33743310222846
3.934927263095845e-13  9.28333848050415
4.2944879887892724e-13  7.454586462988282
4.686904192314193e-13  5.7717522214822
5.115178099293146e-13  4.347888926223401
5.582586268862701e-13  3.222394823004005
6.092704661368686e-13  2.316918741239477
6.649435996665059e-13  1.6430590983325393
7.257039612324201e-13  1.1286727415795785
7.92016405019254e-13  0.7642178852952634
8.643882620598261e-13  0.5050938058920887
9.433732216299774e-13  0.32669274852462643
1.0295755673125128e-12  0.20369707757262148
1.1236548001387516e-12  0.12263097602098293
1.2263306841775643e-12  0.06892191968519538
1.3383887531737591e-12  0.03612842204269143
1.4606863203649918e-12  0.016517545102852367
1.5941590374559962e-12  0.006666365296099595
1.7398280529303622e-12  0.00213747528254671
1.8988078244652613e-12  2.8027798871808557e-5
2.0723146452190297e-12  1.7613299902832923e-5
2.2616759492228644e-12  0.0
2.4683404670686512e-12  0.0
2.6938893095901753e-12  0.0
2.9400480643347135e-12  0.0
3.2086999973704436e-12  0.0
3.5019004614317056e-12  0.0
3.821892620633115e-12  0.0
4.171124612056516e-12  0.0
4.5522682755073095e-12  0.0
4.968239594734387e-12  0.0
5.422221006501592e-12  0.0
5.917685748188831e-12  0.0
6.458424430196991e-12  0.0
7.048574036451889e-12  0.0
7.69264957487913e-12  0.0
8.395578619995104e-12  0.0
9.162739011886731e-12  0.0
1.0e-11  0.0
