1.0e-14  0.0
1.1236548001387516e-14  0.0
1.2626001098748577e-14  0.0
1.418726674116599e-14  0.0
1.5941590374559962e-14  0.0
1.7912844546220022e-14  0.0
2.0127853758499385e-14  0.0
2.2616759492228646e-14  0.0
2.541343036702639e-14  0.0
2.855592301990112e-14  0.0
3.2086999973704435e-14  0.0
3.605471154250499e-14  0.0
4.051304969235378e-14  0.0
4.55226827550731e-14  0.0
5.1151780992931456e-14  0.0
5.747694424835359e-14  0.0
6.458424430196992e-14  3.856892886828694e-10
7.257039612324201e-14  2.3131701812392803e-8
8.154407395185154e-14  1.1794907337007345e-7
9.162739011886732e-14  5.441128060443841e-6
1.0295755673125127e-13  0.0001237284339941286
1.1568875283162833e-13  0.0012629014909767882
1.2999422244132476e-13  0.016986005188638784
1.460686320364992e-13  0.14664623693892725
1.6413071953751266e-13  1.338304308747574
1.8442627085855328e-13  11.220626638460727
2.0723146452190296e-13  53.379591236282764
2.3285662984981966e-13  164.6833796628727
2.6165046987488235e-13  392.7461191324623
2.940048064334714e-13  792.051835066098
3.3035991201283325e-13  1392.2293311414817
3.712105009066357e-13  2225.4185174732074
4.171124612056516e-13  3191.331471308018
4.686904192314193e-13  4216.288434645146
5.266462393484281e-13  5133.650058010175
5.917685748188831e-13  5895.2191373736605
6.649435996665059e-13  6487.126269540279
7.471670675868067e-13  6789.206222476145
8.395578619995104e-13  6676.262238968627
9.433732216299774e-13  6164.37953965416
1.0600258488068823e-12  5369.529278238819
1.191103133283008e-12  4402.032081016754
1.3383887531737591e-12  3192.658232143663
1.503886946955407e-12  2825.952186850193
1.6898497868124552e-12  2350.56612422982
1.8988078244652613e-12  2062.1254191188664
2.133604526501411e-12  1920.236748800016
2.3974349678010785e-12  1778.9760510522267
2.6938893095901753e-12  1243.8462013089988
3.027001653763468e-12  686.2415410822514
3.401304938279246e-12  573.6512346510241
3.821892620633115e-12  485.97146321564924
4.294487988789272e-12  407.84809160215127
4.825522042741279e-12  307.35874866034175
5.422221006501592e-12  218.97369080982642
6.092704661368687e-12  148.6189313934797
6.846096838574644e-12  101.05487471887893
7.69264957487913e-12  65.98665543490779
8.643882620598262e-12  45.52224614771609
9.712740198471168e-12  29.28517163662616
1.0913767146512738e-11  18.085710674843725
1.2263306841775644e-11  10.731789731029552
1.3779723598335597e-11  6.387016528956232
1.548365256585496e-11  3.35863961135683
1.739828052930362e-11  1.7797791716288085
1.9549661430912594e-11  0.8901338325012407
2.1967070907932354e-11  0.40918299971021943
2.4683404670686512e-11  0.1783544143405185
2.773562614198418e-11  0.07567049832778977
3.1165269449294365e-11  0.030444113701635356
3.5019004614317055e-11  0.011713798731059731
3.9349272630958454e-11  0.0038144758299520167
4.421499907374487e-11  0.001190313067280432
4.9682395947343876e-11  0.0003501075080135292
5.5825862688627005e-11  9.698493567335251e-5
6.272899858196256e-11  2.546290897253046e-5
7.048574036451889e-11  7.4661445122652976e-6
7.92016405019254e-11  1.3478964266036988e-6
8.899530352885224e-11  2.077964547664024e-7
1.0e-10  5.643796997125349e-8
