1.0e-14  0.0
1.1236548001387516e-14  0.0
1.2626001098748577e-14  0.0
1.418726674116599e-14  0.0
1.5941590374559962e-14  0.0
1.7912844546220022e-14  0.0
2.0127853758499385e-14  0.0
2.2616759492228646e-14  0.0
2.541343036702639e-14  0.0
2.855592301990112e-14  0.0
3.2086999973704435e-14  0.0
3.605471154250499e-14  0.0
4.051304969235378e-14  0.0
4.55226827550731e-14  0.0
5.1151780992931456e-14  0.0
5.747694424835359e-14  0.0
6.458424430196992e-14  3.856892918703204e-10
7.257039612324201e-14  2.313170192665932e-8
8.154407395185154e-14  1.1794907338492907e-7
9.162739011886732e-14  5.441128060714485e-6
1.0295755673125127e-13  0.00012372843399518
1.1568875283162833e-13  0.001262901490964978
1.2999422244132476e-13  0.016986005187063467
1.460686320364992e-13  0.14664623688045464
1.6413071953751266e-13  1.338304307647827
1.8442627085855328e-13  11.220626615625191
2.0723146452190296e-13  53.3795707420832
2.3285662984981966e-13  164.68337129751478
2.6165046987488235e-13  392.74561688498886
2.940048064334714e-13  792.0494727609292
3.3035991201283325e-13  1392.1951524879003
3.712105009066357e-13  2225.1897237338358
4.171124612056516e-13  3190.053541212713
4.686904192314193e-13  4206.063710822383
5.266462393484281e-13  5044.0918478029325
5.917685748188831e-13  5554.423005982841
6.649435996665059e-13  5748.382958769856
7.471670675868067e-13  5577.314653384801
8.395578619995104e-13  5011.098165082256
9.433732216299774e-13  4124.265507859981
1.0600258488068823e-12  3142.621021618555
1.191103133283008e-12  2150.7569824413813
1.3383887531737591e-12  1145.717952259797
1.503886946955407e-12  1080.570552496163
1.6898497868124552e-12  781.7242128434951
1.8988078244652613e-12  622.8263453438896
2.133604526501411e-12  481.4323927848427
2.3974349678010785e-12  335.564035698918
2.6938893095901753e-12  181.98257597197554
3.027001653763468e-12  119.1028319889374
3.401304938279246e-12  86.2699604140147
3.821892620633115e-12  58.41237949921483
4.294487988789272e-12  39.59887441196695
4.825522042741279e-12  25.6245509653524
5.422221006501592e-12  16.531275719318952
6.092704661368687e-12  9.776058878053773
6.846096838574644e-12  5.826899072663203
7.69264957487913e-12  3.322112588734181
8.643882620598262e-12  1.8174609926377874
9.712740198471168e-12  0.47247043147328976
1.0913767146512738e-11  0.43257453441306426
1.2263306841775644e-11  0.1754072080423757
1.3779723598335597e-11  0.05858778170576076
1.548365256585496e-11  0.01484394847262104
1.739828052930362e-11  0.002258004434689549
1.9549661430912594e-11  9.746727939256065e-5
2.1967070907932354e-11  0.0
2.4683404670686512e-11  0.0
2.773562614198418e-11  0.0
3.1165269449294365e-11  0.0
3.5019004614317055e-11  0.0
3.9349272630958454e-11  0.0
4.421499907374487e-11  0.0
4.9682395947343876e-11  0.0
5.5825862688627005e-11  0.0
6.272899858196256e-11  0.0
7.048574036451889e-11  0.0
7.92016405019254e-11  0.0
8.899530352885224e-11  0.0
1.0e-10  0.0
