1.0e-14  0.0
1.1073981597318823e-14  0.0
1.2263306841775645e-14  0.0
1.3580363428809749e-14  0.0
1.503886946955407e-14  0.0
1.6654016375032233e-14  0.0
1.8442627085855328e-14  0.0
2.042333129549764e-14  0.0
2.2616759492228646e-14  0.0
2.5045757840792582e-14  0.0
2.773562614198418e-14  0.0
3.0714381348644766e-14  3.043043336598608e-10
3.401304938279246e-14  1.4898399255576648e-11
3.766598829337416e-14  1.7230604765970709e-12
4.171124612056516e-14  6.0494185101600585e-5
4.6190957194037664e-14  0.0004176118894827211
5.1151780992931456e-14  0.002275027282881848
5.6645388138580565e-14  0.011635792275904765
6.272899858196256e-14  0.056001611641517145
6.94659775914892e-14  0.25834866257171196
7.69264957487913e-14  1.0343106387087821
8.51882598268343e-14  3.008386826126153
9.433732216299774e-14  12.729758715603557
1.044689769573374e-13  45.77622295371677
1.1568875283162833e-13  134.97458721635644
1.281135119874218e-13  289.2015462640847
1.4187266741165992e-13  479.5988958654724
1.5710953080792556e-13  647.238478632314
1.7398280529303623e-13  769.0780726701962
1.926682384064995e-13  911.6252447738249
2.133604526501411e-13  1093.7359510648575
2.3627497262432764e-13  1154.0133248837205
2.6165046987488235e-13  1211.9394263578156
2.89751248832427e-13  1228.36905497912
3.5533084722197394e-13  1020.8233332211853
3.934927263095845e-13  859.0432015034826
4.357531209831169e-13  691.0488414582292
4.825522042741279e-13  530.2717902919584
5.343774229877325e-13  396.5689842438249
5.917685748188831e-13  285.1222480249241
6.553234307415898e-13  198.0689549981205
7.257039612324201e-13  133.06592540951317
8.036432311789225e-13  86.712604504254
8.899530352885224e-13  54.35274997083253
9.855323535263167e-13  32.904263867523824
1.0913767146512739e-12  18.875536126321563
1.2085885653790481e-12  9.977176698981413
1.3383887531737591e-12  4.7517204919017955
1.4821292422704692e-12  1.8998162614401732
1.6413071953751266e-12  0.6279052857514174
1.8175805677131196e-12  0.14863946854709406
2.0127853758499383e-12  0.0031985172094724937
2.2289548211514667e-12  0.0
2.4683404670686512e-12  0.0
2.733435690823559e-12  0.0
3.027001653763468e-12  0.0
3.3520960608830283e-12  0.0
3.712105009066357e-12  0.0
4.110778255771603e-12  0.0
4.5522682755073095e-12  0.0
5.041173510902624e-12  0.0
5.5825862688627005e-12  0.0
6.182145760683029e-12  0.0
6.846096838574644e-12  0.0
7.581355040383849e-12  0.0
8.395578619995104e-12  0.0
9.297248313666952e-12  0.0
1.0295755673125127e-11  0.0
1.1401500885467853e-11  NaN
1.2626001098748577e-11  NaN
1.3982010381526897e-11  NaN
1.548365256585496e-11  NaN
1.714656835735569e-11  NaN
1.8988078244652614e-11  NaN
2.102736290497338e-11  NaN
2.3285662984981966e-11  NaN
2.5786500337705837e-11  NaN
2.855592301990112e-11  NaN
3.1622776601683794e-11  NaN
