1.0e-14  0.0
1.1073981597318823e-14  0.0
1.2263306841775645e-14  0.0
1.3580363428809749e-14  0.0
1.503886946955407e-14  0.0
1.6654016375032233e-14  0.0
1.8442627085855328e-14  0.0
2.042333129549764e-14  0.0
2.2616759492228646e-14  0.0
2.5045757840792582e-14  0.0
2.773562614198418e-14  0.0
3.0714381348644766e-14  2.985013608563971e-10
3.401304938279246e-14  1.4525145269092832e-11
3.766598829337416e-14  1.6008788328790505e-12
4.171124612056516e-14  8.683693538320441e-5
4.6190957194037664e-14  0.0007794057486255078
5.1151780992931456e-14  0.005116639097485232
5.6645388138580565e-14  0.029416600046209253
6.272899858196256e-14  0.15728321081597943
6.94659775914892e-14  0.7847450543544138
7.69264957487913e-14  3.6203734463520147
8.51882598268343e-14  14.424120997979692
9.433732216299774e-14  61.50200501566068
1.044689769573374e-13  258.6596196201052
1.1568875283162833e-13  1000.4605691297943
1.281135119874218e-13  3679.821811574656
1.4187266741165992e-13  11246.393938277994
1.5710953080792556e-13  23199.970774449583
1.7398280529303623e-13  34174.74803615515
1.926682384064995e-13  42442.31551208882
2.133604526501411e-13  50210.280782954105
2.3627497262432764e-13  55855.77262686989
2.6165046987488235e-13  60449.514323246534
2.89751248832427e-13  64970.42001382422
3.208699997370444e-13  69203.37867421473
3.5533084722197394e-13  72869.60412723108
3.934927263095845e-13  76745.99660493014
4.357531209831169e-13  79015.69463677445
5.343774229877325e-13  84000.36862693453
5.917685748188831e-13  85732.19647554916
6.553234307415898e-13  87005.44499622432
7.257039612324201e-13  88013.42346116072
8.036432311789225e-13  87898.40303175205
8.899530352885224e-13  86696.29810414606
9.855323535263167e-13  84653.07446270292
1.0913767146512739e-12  82525.71858776922
1.2085885653790481e-12  78810.28731489228
1.3383887531737591e-12  73926.22166171609
1.4821292422704692e-12  67854.34880156246
1.6413071953751266e-12  60569.20637458725
1.8175805677131196e-12  52991.884747115444
2.0127853758499383e-12  45209.870067148804
2.2289548211514667e-12  37130.35820168542
2.4683404670686512e-12  29546.377258828306
2.733435690823559e-12  22111.27626250434
3.027001653763468e-12  16050.07469054399
3.3520960608830283e-12  11315.727537720575
3.712105009066357e-12  7713.638246541117
4.110778255771603e-12  5083.008842888729
4.5522682755073095e-12  3284.7443319998747
5.041173510902624e-12  2025.312907743024
5.5825862688627005e-12  1244.9145289427984
6.182145760683029e-12  724.8511204062007
6.846096838574644e-12  421.4717366781358
7.581355040383849e-12  232.53975381518381
8.395578619995104e-12  135.76098033831622
9.297248313666952e-12  75.33402988625492
1.0295755673125127e-11  40.725375173278394
1.1401500885467853e-11  22.26745438386804
1.2626001098748577e-11  11.809606439197085
1.3982010381526897e-11  6.5722725680642915
1.548365256585496e-11  3.1900792850708517
1.714656835735569e-11  1.7362106183457726
1.8988078244652614e-11  1.1033702661050007
2.102736290497338e-11  0.46758182788366026
2.3285662984981966e-11  0.2387118849072672
2.5786500337705837e-11  0.1178783802908885
2.855592301990112e-11  0.05768603698462476
3.1622776601683794e-11  0.027825381044656122
