1.0e-14  0.0
1.1073981597318823e-14  0.0
1.2263306841775645e-14  0.0
1.3580363428809749e-14  0.0
1.503886946955407e-14  0.0
1.6654016375032233e-14  0.0
1.8442627085855328e-14  0.0
2.042333129549764e-14  0.0
2.2616759492228646e-14  0.0
2.5045757840792582e-14  0.0
2.773562614198418e-14  0.0
3.0714381348644766e-14  2.0179311208443444e-11
3.401304938279246e-14  9.878890264292063e-13
3.766598829337416e-14  1.1425334218852903e-13
4.171124612056516e-14  0.0004262829149110319
4.6190957194037664e-14  0.0029470457627414335
5.1151780992931456e-14  0.017910952170265518
5.6645388138580565e-14  0.10250932363869847
6.272899858196256e-14  0.563444916764748
6.94659775914892e-14  3.3871995302608453
7.69264957487913e-14  12.539985388818891
8.51882598268343e-14  48.13246907326182
9.433732216299774e-14  222.56535751758915
1.044689769573374e-13  923.0658643441704
1.1568875283162833e-13  2583.013195164541
1.281135119874218e-13  5489.825002141847
1.4187266741165992e-13  8652.461541420778
1.5710953080792556e-13  11346.01793621739
1.7398280529303623e-13  13147.05812763173
1.926682384064995e-13  14167.617403326982
2.133604526501411e-13  14593.94835792655
2.3627497262432764e-13  14203.55372235686
2.6165046987488235e-13  13226.541468869691
2.89751248832427e-13  11820.250154844392
3.208699997370444e-13  9996.664789517537
3.5533084722197394e-13  8384.207481842519
3.934927263095845e-13  6843.853663216846
4.357531209831169e-13  5561.737105063247
4.825522042741279e-13  4476.260723025204
5.343774229877325e-13  3562.3630760459187
5.917685748188831e-13  2781.96448385049
6.553234307415898e-13  2139.8933593168317
7.257039612324201e-13  1609.1367618805862
8.036432311789225e-13  1198.908526675573
8.899530352885224e-13  888.4015305919384
9.855323535263167e-13  646.2566190424315
1.0913767146512739e-12  457.8029109973772
1.2085885653790481e-12  320.2677330036007
1.3383887531737591e-12  223.0922250523489
1.4821292422704692e-12  150.0313805916968
1.6413071953751266e-12  98.38630071625127
1.8175805677131196e-12  62.02851437493096
2.0127853758499383e-12  38.1193173721869
2.2289548211514667e-12  22.84325812868893
2.4683404670686512e-12  13.204572138241447
2.733435690823559e-12  7.586874996319477
3.027001653763468e-12  4.207367807445374
3.3520960608830283e-12  2.25579892230998
3.712105009066357e-12  1.1324467666647238
4.110778255771603e-12  0.5332757487717568
4.5522682755073095e-12  0.23275013397966196
5.041173510902624e-12  0.09518021876157164
5.5825862688627005e-12  0.02198121673509637
6.182145760683029e-12  0.00670355077676065
6.846096838574644e-12  0.0
7.581355040383849e-12  0.00018596078375436288
8.395578619995104e-12  8.746149494247983e-5
9.297248313666952e-12  0.0
1.0295755673125127e-11  0.0
1.1401500885467853e-11  NaN
1.2626001098748577e-11  NaN
1.3982010381526897e-11  NaN
1.548365256585496e-11  NaN
1.714656835735569e-11  NaN
1.8988078244652614e-11  NaN
2.102736290497338e-11  NaN
2.3285662984981966e-11  NaN
2.5786500337705837e-11  NaN
2.855592301990112e-11  NaN
3.1622776601683794e-11  NaN
