1.0e-14  0.0
1.1073981597318823e-14  0.0
1.2263306841775645e-14  0.0
1.3580363428809749e-14  0.0
1.503886946955407e-14  0.0
1.6654016375032233e-14  0.0
1.8442627085855328e-14  0.0
2.042333129549764e-14  0.0
2.2616759492228646e-14  0.0
2.5045757840792582e-14  0.0
2.773562614198418e-14  0.0
3.0714381348644766e-14  1.9794378589276247e-11
3.401304938279246e-14  9.63138794705837e-13
3.766598829337416e-14  1.0615167581486311e-13
4.171124612056516e-14  0.0006054667125978945
4.6190957194037664e-14  0.0046504677446849475
5.1151780992931456e-14  0.03130295407832699
5.6645388138580565e-14  0.2004069627954696
6.272899858196256e-14  1.2323546180126974
6.94659775914892e-14  7.087008563504964
7.69264957487913e-14  36.50726816840744
8.51882598268343e-14  211.39231713843483
9.433732216299774e-14  889.2321818170184
1.044689769573374e-13  3859.5609030777396
1.1568875283162833e-13  12422.380343222778
1.281135119874218e-13  25245.08852247344
1.4187266741165992e-13  36584.209994519006
1.5710953080792556e-13  44477.87780054921
1.7398280529303623e-13  51141.20096328267
1.926682384064995e-13  58636.63273745296
2.133604526501411e-13  64276.47167985676
2.3627497262432764e-13  69961.64616714545
2.6165046987488235e-13  76757.19948265492
2.89751248832427e-13  81073.87403985256
3.208699997370444e-13  85629.84485010854
3.5533084722197394e-13  89524.67545399559
3.934927263095845e-13  94176.9190480786
4.357531209831169e-13  98900.34518110495
4.825522042741279e-13  103018.41888947594
5.343774229877325e-13  107062.78204660704
5.917685748188831e-13  110254.27260504161
6.553234307415898e-13  112668.36756787878
7.257039612324201e-13  114803.10610038636
8.036432311789225e-13  116342.87928178096
8.899530352885224e-13  117657.34898024044
9.855323535263167e-13  117806.49422325465
1.0913767146512739e-12  117376.65458235309
1.2085885653790481e-12  116226.04116860798
1.3383887531737591e-12  113877.0401742213
1.4821292422704692e-12  110538.74765735872
1.6413071953751266e-12  105144.5018092961
1.8175805677131196e-12  98059.75852081215
2.0127853758499383e-12  89124.72230315479
2.2289548211514667e-12  78677.5790943385
2.4683404670686512e-12  66803.5816781778
2.733435690823559e-12  52831.15223389896
3.027001653763468e-12  39749.300625424854
3.3520960608830283e-12  28681.24500824697
3.712105009066357e-12  19767.563552150095
4.110778255771603e-12  13055.957164614103
4.5522682755073095e-12  8416.626912373984
5.041173510902624e-12  5161.6537839678285
5.5825862688627005e-12  3151.120648050453
6.182145760683029e-12  1823.2825077770501
6.846096838574644e-12  1050.328854941708
7.581355040383849e-12  574.7964382586833
8.395578619995104e-12  332.49633069684404
9.297248313666952e-12  182.5747690744061
1.0295755673125127e-11  97.62419327901304
1.1401500885467853e-11  52.53937924078511
1.2626001098748577e-11  27.33109186327133
1.3982010381526897e-11  14.854169711386113
1.548365256585496e-11  6.937223126688261
1.714656835735569e-11  3.6637030041537466
1.8988078244652614e-11  2.2038609204586144
2.102736290497338e-11  0.8855178371819299
2.3285662984981966e-11  0.42737166095871343
2.5786500337705837e-11  0.20107985359634414
2.855592301990112e-11  0.09617590644538788
3.1622776601683794e-11  0.04607876201656908
