1.0e-14  0.0
1.0913767146512739e-14  0.0
1.191103133283008e-14  0.0
1.2999422244132476e-14  0.0
1.418726674116599e-14  0.0
1.548365256585496e-14  0.0
1.6898497868124553e-14  0.0
1.8442627085855328e-14  0.0
2.0127853758499385e-14  0.0
2.1967070907932353e-14  0.0
2.3974349678010787e-14  0.0
2.6165046987488236e-14  0.0
2.855592301990112e-14  0.0
3.1165269449294366e-14  2.8461885621585647e-11
3.401304938279246e-14  3.1879201404795795e-10
3.7121050090663573e-14  1.9939066248242758e-9
4.051304969235378e-14  5.023064512883102e-9
4.421499907374487e-14  6.232361646797271e-8
4.825522042741279e-14  3.7860748295528826e-7
5.266462393484281e-14  1.8719327109780767e-6
5.747694424835359e-14  8.99748635640032e-6
6.272899858196256e-14  4.257055690288249e-5
6.846096838574644e-14  0.00019512546025974938
7.471670675868067e-14  0.000867653815077929
8.154407395185154e-14  0.002585204686559335
8.899530352885224e-14  0.011160157597903803
9.712740198471167e-14  0.04727329115303302
1.0600258488068824e-13  0.17925937052342947
1.1568875283162833e-13  0.6186674742797489
1.2626001098748578e-13  1.4476691427569766
1.3779723598335597e-13  2.9015133105786144
1.503886946955407e-13  4.9407343293167445
1.6413071953751266e-13  7.38313974829459
1.791284454622002e-13  7.188491086733499
1.9549661430912595e-13  12.308056287794484
2.133604526501411e-13  14.265278928270657
2.3285662984981966e-13  15.513859149849399
2.541343036702639e-13  15.920881164916697
2.7735626141984177e-13  15.605043023319837
3.0270016537634676e-13  14.742122672984808
3.3035991201283325e-13  13.393996261145867
3.6054711542504985e-13  11.701382132581092
3.934927263095845e-13  10.075370288678414
4.2944879887892724e-13  8.726305953357876
4.686904192314193e-13  7.4485628068552705
5.115178099293146e-13  6.281766801717049
5.582586268862701e-13  5.252386768958582
6.092704661368686e-13  4.33430176822067
6.649435996665059e-13  3.5238051840773466
7.257039612324201e-13  2.81500066411351
7.92016405019254e-13  2.2493646858394665
8.643882620598261e-13  1.7872361405902613
9.433732216299774e-13  1.4097224763138532
1.0295755673125128e-12  1.09344010268712
1.1236548001387516e-12  0.8304340909889415
1.2263306841775643e-12  0.6310852578443823
1.3383887531737591e-12  0.47656901479649794
1.4606863203649918e-12  0.3523907231238532
1.5941590374559962e-12  0.25449990803360184
1.7398280529303622e-12  0.17958550761930286
1.8988078244652613e-12  0.12501821881343017
2.0723146452190297e-12  0.08480198080861195
2.2616759492228644e-12  0.05674661584891353
2.4683404670686512e-12  0.03703346509127502
2.6938893095901753e-12  0.024089561805769644
2.9400480643347135e-12  0.015382833614610786
3.2086999973704436e-12  0.009440489974914493
3.5019004614317056e-12  0.005644794051403486
3.821892620633115e-12  0.0032082732970495605
4.171124612056516e-12  0.0017202345909027431
4.5522682755073095e-12  0.000881630394799703
4.968239594734387e-12  0.00042438547014741156
5.422221006501592e-12  0.00021529839657609027
5.917685748188831e-12  9.116289923557217e-7
6.458424430196991e-12  3.372028348081525e-5
7.048574036451889e-12  0.0
7.69264957487913e-12  4.0245834506271617e-7
8.395578619995104e-12  3.5166050677218763e-7
9.162739011886731e-12  0.0
1.0e-11  0.0
