3162.2776601683795  2143.899390742688
3351.6026509388407  1346.4312995835016
3552.2624946166648  845.5980967792004
3764.9358067924672  531.0602490433758
3990.341831649381  333.5213137165462
4229.242874389499  209.46110522033496
4482.4468792893085  131.54767865124165
4750.810162102798  82.61577604265513
5035.2403060530405  51.88511512411838
5336.699231206308  32.58536444725866
5656.20644760902  20.464558546716766
5994.8425031894085  12.852339190186187
6353.752638084487  8.07164358236768
6734.150657750822  5.069227411188029
7137.323037957842  3.183622552719587
7564.633275546291  1.9994077471875238
8017.526499665791  1.2556863363398962
8497.534359086447  0.7886076151743611
9006.280202112786  0.4952685656544872
9545.484566618337  0.3110430934289413
10116.970998767501  0.19534412777034205
10722.672220103232  0.12268180538486606
11364.636663857242  0.08650984208898341
12045.035402587811  0.06808509930380625
12766.169490574088  0.056844144406483936
13530.477745798076  0.04764939398547379
14340.544997832723  0.04069866760560096
15199.11082952933  0.03522769817663955
16109.07884206832  0.031363366878695224
17073.526474706923  0.02803232897997463
18095.71541243322  0.025387907077892662
19179.10261672489  0.02343127012465292
20327.352016717115  0.02162543048428492
21544.346900318822  0.019958766261611968
22834.20304718274  0.019002217889665142
24201.282647943834  0.018109466322617403
25650.209056800457  0.017258657510099366
27185.8824273294  0.016447820921089335
28813.496284414592  0.015950311391189746
30538.555088334124  0.01569650461851515
32366.89285040605  0.015446736505417502
34304.69286314919  0.015200942787373828
36358.50861168578  0.014959060222460041
38535.28593710528  0.014941462787186208
40842.38652674518  0.01518306080796977
43287.612810830615  0.0154285653809081
45879.23434967089  0.015678039673529164
48626.015800653535  0.015931547874756907
51537.24655961632  0.01618915521142683
54622.77217684337  0.01698085984509448
57893.02765393124  0.01781797392490551
61359.072734131754  0.0186963556430464
65032.62930552246  0.01961803939126185
68926.12104349695  0.020585159851740555
73052.71542664448  0.021599956941184186
77426.36826811278  0.02335098604990245
82061.87091305455  0.025300918851528638
86974.90026177834  0.02741368151921412
92182.07178777465  0.02970287122167094
97700.99572992246  0.03218322056425714
103550.33664891319  0.03487069240403755
109749.87654930567  0.0383048248680021
116320.5817806895  0.042856527419378225
123284.67394420659  0.047949101680456636
130665.70504423449  0.05364681859228729
138488.63713938717  0.06002158631152845
146779.92676220706  0.06715385772885721
155567.61439304723  0.07680234694823809
164881.4192907418  0.08872998667421178
174752.8400007683  0.10251002538388465
185215.26088081705  0.1184301463133069
196304.06500402724  0.13996945622974277
208056.75382171717  0.1669789123623712
220513.07399030458  0.2012717480593766
233715.15179132775  0.24793828834630544
247707.6355991709  0.31485622049081063
262537.8468783065  0.4201956221789156
278255.94022071257  0.6219590752867279
294915.0729647068  0.990334733741392
312571.58496882353  1.5768929561844458
331285.18914872344  2.5108595210732547
351119.17342151346  3.997998411901651
372140.6147404331  6.365944079075992
394420.6059437656  10.13638322048428
418034.49618514534  16.139988588688425
443062.14575838775  25.699426114490088
469588.1961786359  40.920754000843864
497702.35643321136  65.1574124860871
527499.706370262  103.74902676022425
559081.0182512222  165.1977901361889
592553.0975545675  263.0415987318258
628029.1441834247  418.83661159361674
665629.1352986201  666.9063298618114
705480.2310718645  1061.9034738092164
747717.2047313224  1690.8506295355448
792482.898353917  2692.3123635193947
839928.7059458458  4286.922650731407
890215.0854450393  6825.993173143901
943512.1013771044  10868.911477060756
1.0e6  17306.380727271295
