10.0  1.6917356935133576e-13
10.722672220103231  1.0108032142897595e-13
11.497569953977356  8.423757123757001e-14
12.32846739442066  7.927528260283892e-14
13.219411484660288  7.820328532019232e-14
14.174741629268055  7.933064847565926e-14
15.199110829529339  8.13580452293365e-14
16.297508346206442  8.492753598071755e-14
17.47528400007684  8.86536340373538e-14
18.73817422860384  9.254321036481634e-14
20.09233002565047  9.845453881323295e-14
21.544346900318832  1.0575861951297316e-13
23.101297000831593  1.1360457055725407e-13
24.770763559917114  1.2203259186751178e-13
26.560877829466868  1.310858656905665e-13
28.48035868435802  1.4081077784942085e-13
30.538555088334157  1.512571554080665e-13
32.74549162877728  1.6247852196801196e-13
35.11191734215131  1.788193261052306e-13
37.64935806792467  1.9766350741762763e-13
40.37017258596554  2.1849350970960682e-13
43.287612810830595  2.41518601025111e-13
46.4158883361278  2.669701023094599e-13
49.770235643321115  2.951037113688528e-13
53.3669923120631  3.2620207173133093e-13
57.22367659350217  3.6057761221719203e-13
61.35907273413173  3.98575685746523e-13
65.79332246575679  4.4057803891779343e-13
70.54802310718642  4.870066472145361e-13
75.64633275546291  5.504677078920508e-13
81.11308307896873  6.261464216217842e-13
86.97490026177834  7.122295017288277e-13
93.26033468832199  8.101473483135299e-13
100.0  9.215270139558707e-13
107.22672220103232  1.04821923964599e-12
114.97569953977356  1.1923292076347466e-12
123.28467394420659  1.356251522209256e-12
132.19411484660287  1.5427099996517101e-12
141.74741629268047  1.7704326535193583e-12
151.99110829529332  2.0723136107690124e-12
162.97508346206433  2.425669054872944e-12
174.7528400007683  2.839276030998399e-12
187.3817422860385  3.3234081805212703e-12
200.9233002565048  3.890090929437324e-12
215.44346900318845  4.553400189596026e-12
231.01297000831605  5.4361987565123856e-12
247.70763559917114  6.547920647769555e-12
265.6087782946687  7.886993601572008e-12
284.8035868435802  9.499911715091844e-12
305.3855508833416  1.1442677292974005e-11
327.45491628777285  1.4080270264546717e-11
351.1191734215131  1.7452236283765372e-11
376.49358067924675  2.1631726208501292e-11
403.70172585965537  2.681212717678172e-11
432.8761281083057  3.411360388982858e-11
464.15888336127773  4.3511064455480736e-11
497.70235643321087  5.5497294749719644e-11
533.6699231206308  7.283233963923739e-11
572.236765935022  9.559350363551633e-11
613.5907273413176  1.2844489557429256e-10
657.9332246575682  1.7456641022767377e-10
705.4802310718645  2.429155513071618e-10
756.463327554629  3.491210653081886e-10
811.1308307896873  5.216409753446683e-10
869.7490026177834  8.364809746185982e-10
932.60334688322  1.455991233259216e-9
1000.0  2.544386030282688e-9
1072.2672220103232  4.446386848501804e-9
1149.7569953977356  7.770187295177563e-9
1232.8467394420659  1.3578622971701679e-8
1321.9411484660286  2.3729029276045383e-8
1417.4741629268049  4.14671525645031e-8
1519.9110829529332  7.246502677392057e-8
1629.7508346206434  1.266346922947433e-7
1747.5284000076829  2.21297721211298e-7
1873.817422860385  3.8672405267372915e-7
2009.2330025650479  6.758112650134087e-7
2154.4346900318847  1.180999378656051e-6
2310.1297000831605  2.0638299545928753e-6
2477.0763559917114  3.606601458437616e-6
2656.0877829466867  6.302638476128866e-6
2848.035868435802  1.1014039732016336e-5
3053.8555088334156  1.924734723051156e-5
3274.5491628777286  3.36352859101282e-5
3511.191734215131  5.8778617370327216e-5
3764.9358067924672  0.00010271730316783173
4037.017258596554  0.0001795014044579852
4328.761281083057  0.0003136838021315944
4641.588833612777  0.0005481713528473522
4977.023564332108  0.0009579450071713805
5336.699231206308  0.0016740361056775523
5722.3676593502205  0.002925425637309809
6135.907273413176  0.005112264383309464
6579.332246575683  0.008933827198181058
7054.8023107186455  0.015612116749582452
7564.633275546291  0.02728261740413098
8111.308307896872  0.04767714874026272
8697.490026177835  0.08331717145499973
9326.0334688322  0.1455991233259216
10000.0  0.2544386030282688
