10.0  9.418837679760867e-9
10.722672220103231  4.687777708078908e-9
11.497569953977356  2.4449358222772634e-9
12.32846739442066  1.5599614337846992e-9
13.219411484660288  1.1156257943889275e-9
14.174741629268055  8.55167364236372e-10
15.199110829529339  6.881008201452231e-10
16.297508346206442  5.74154800389328e-10
17.47528400007684  4.930394993571098e-10
18.73817422860384  4.3500240629558167e-10
20.09233002565047  3.9558027112493896e-10
21.544346900318832  3.6565193863460805e-10
23.101297000831593  3.4654357953936943e-10
24.770763559917114  3.3682754767576693e-10
26.560877829466868  3.326568177220037e-10
28.48035868435802  3.3866197472729955e-10
30.538555088334157  3.5347668371127884e-10
32.74549162877728  3.773633056690375e-10
35.11191734215131  4.1267646954253454e-10
37.64935806792467  4.66726449772741e-10
40.37017258596554  5.346280482323084e-10
43.287612810830595  6.28032052846855e-10
46.4158883361278  7.377545205627667e-10
49.770235643321115  8.967085686921346e-10
53.3669923120631  1.0917454867738031e-9
57.22367659350217  1.3292035445020754e-9
61.35907273413173  1.6298027858688647e-9
65.79332246575679  2.0565778633888017e-9
70.54802310718642  2.595106932478369e-9
75.64633275546291  3.2746535450401816e-9
81.11308307896873  4.132144115465497e-9
86.97490026177834  5.214174493920888e-9
93.26033468832199  6.59902601872262e-9
100.0  8.630380773331539e-9
107.22672220103232  1.1287040251298858e-8
114.97569953977356  1.476148978595554e-8
123.28467394420659  1.9305466787521623e-8
132.19411484660287  2.5248200099606313e-8
141.74741629268047  3.3020263912074875e-8
151.99110829529332  4.31847745392384e-8
162.97508346206433  5.6478190391533614e-8
174.7528400007683  7.424554418800677e-8
187.3817422860385  1.0063765924914782e-7
200.9233002565048  1.3641139774666174e-7
215.44346900318845  1.8490165186702232e-7
231.01297000831605  2.506287702340487e-7
247.70763559917114  3.3971995293047317e-7
265.6087782946687  4.6048044009994593e-7
284.8035868435802  6.241677413573534e-7
305.3855508833416  8.460410810643372e-7
327.45491628777285  1.1467838906443983e-6
351.1191734215131  1.5982358681893268e-6
376.49358067924675  2.2452826511427367e-6
403.70172585965537  3.1542867256720614e-6
432.8761281083057  4.431301663818214e-6
464.15888336127773  6.225316892069878e-6
497.70235643321087  8.745640298678702e-6
533.6699231206308  1.2503989720850768e-5
572.236765935022  1.820617744207338e-5
613.5907273413176  2.6508730769310547e-5
657.9332246575682  3.888526865726715e-5
705.4802310718645  5.8680699548004675e-5
756.463327554629  9.006939953804931e-5
811.1308307896873  0.00014319788525231792
869.7490026177834  0.00024193496635238146
932.60334688322  0.0004642651859070673
1000.0  0.000932816933466475
1072.2672220103232  0.001874246568072363
1149.7569953977356  0.0037657980595152676
1232.8467394420659  0.007566365742173489
1321.9411484660286  0.015202591758652526
1417.4741629268049  0.03054554908600807
1519.9110829529332  0.061373125305077963
1629.7508346206434  0.12331290883352261
1747.5284000076829  0.24776436607060834
1873.817422860385  0.4978163411686788
2009.2330025650479  1.0002290218922896
2154.4346900318847  2.0096931609093454
2310.1297000831605  4.037941823928319
2477.0763559917114  8.113165975074475
2656.0877829466867  16.301240832407466
2848.035868435802  32.75299106323397
3053.8555088334156  65.80839057696771
3274.5491628777286  132.2243901929342
3511.191734215131  265.66960851968093
3764.9358067924672  533.792145216279
4037.017258596554  1072.5127946785424
4328.761281083057  2154.928102741392
4641.588833612777  4329.752662182888
4977.023564332108  8699.481941801725
5336.699231206308  17479.286222686696
5722.3676593502205  35119.958739902984
6135.907273413176  70564.18014893575
6579.332246575683  141779.87955418712
7054.8023107186455  284868.8130999696
7564.633275546291  572367.8206819932
8111.308307896872  1.150020314920491e6
8697.490026177835  2.310658770358501e6
9326.0334688322  4.642651859070673e6
10000.0  9.328169334664749e6
