10.0  4.6737437254762016e-14
10.722672220103231  2.6744879942756047e-14
11.497569953977356  1.623247725486506e-14
12.32846739442066  1.1706821717533031e-14
13.219411484660288  9.355744689789552e-15
14.174741629268055  8.020763645082481e-15
15.199110829529339  7.25104352616859e-15
16.297508346206442  6.842654339718858e-15
17.47528400007684  6.676930775369494e-15
18.73817422860384  6.704195307419023e-15
20.09233002565047  6.877242272078247e-15
21.544346900318832  7.178973374589278e-15
23.101297000831593  7.656401879340075e-15
24.770763559917114  8.224409996288632e-15
26.560877829466868  8.941210828319285e-15
28.48035868435802  9.883445662053447e-15
30.538555088334157  1.0924974260239522e-14
32.74549162877728  1.2076260311234217e-14
35.11191734215131  1.3674082618066259e-14
37.64935806792467  1.5554005761845463e-14
40.37017258596554  1.769238215073287e-14
43.287612810830595  2.0124744130892728e-14
46.4158883361278  2.2891509062114873e-14
49.770235643321115  2.6113143261596958e-14
53.3669923120631  3.056576147835763e-14
57.22367659350217  3.5777606908235366e-14
61.35907273413173  4.187813730688677e-14
65.79332246575679  4.901888459987448e-14
70.54802310718642  5.737721880530412e-14
75.64633275546291  6.716075375244623e-14
81.11308307896873  7.861250403060221e-14
86.97490026177834  9.20169212623876e-14
93.26033468832199  1.0994284810501436e-13
100.0  1.3242654976862334e-13
107.22672220103232  1.5950824802056257e-13
114.97569953977356  1.9212824944124344e-13
123.28467394420659  2.3141915663570013e-13
132.19411484660287  2.787451934514024e-13
141.74741629268047  3.3574957234233313e-13
151.99110829529332  4.044115485267124e-13
162.97508346206433  4.871151419219611e-13
174.7528400007683  5.935141452479686e-13
187.3817422860385  7.356498778795339e-13
200.9233002565048  9.118245068920265e-13
215.44346900318845  1.1301897225422177e-12
231.01297000831605  1.4008493951252289e-12
247.70763559917114  1.736327086224601e-12
265.6087782946687  2.152145520316767e-12
284.8035868435802  2.6675448291776487e-12
305.3855508833416  3.383308482590201e-12
327.45491628777285  4.315326927468075e-12
351.1191734215131  5.5040935778561786e-12
376.49358067924675  7.02033626258129e-12
403.70172585965537  8.954266591323142e-12
432.8761281083057  1.1649796041894944e-11
464.15888336127773  1.5290526513361422e-11
497.70235643321087  2.0069038137235828e-11
533.6699231206308  2.6588965604072853e-11
572.236765935022  3.591183299517341e-11
613.5907273413176  4.862449443044495e-11
657.9332246575682  6.758078650416956e-11
705.4802310718645  9.544428837691143e-11
756.463327554629  1.384359228821654e-10
811.1308307896873  2.0890054046273163e-10
869.7490026177834  3.3715421208822015e-10
932.60334688322  5.875264717890667e-10
1000.0  1.0267191952077057e-9
1072.2672220103232  1.7942209524584971e-9
1149.7569953977356  3.1354520703100594e-9
1232.8467394420659  5.479291539729717e-9
1321.9411484660286  9.575217577599499e-9
1417.4741629268049  1.673296465310791e-8
1519.9110829529332  2.9241330947630772e-8
1629.7508346206434  5.1100056285008335e-8
1747.5284000076829  8.929879960004315e-8
1873.817422860385  1.5605218838767146e-7
2009.2330025650479  2.72705631090805e-7
2154.4346900318847  4.7656083517320017e-7
2310.1297000831605  8.32803593796547e-7
2477.0763559917114  1.4553479317879282e-6
2656.0877829466867  2.54326184269185e-6
2848.035868435802  4.444422298759879e-6
3053.8555088334156  7.76675418871032e-6
3274.5491628777286  1.3572623520649925e-5
3511.191734215131  2.371854506494798e-5
3764.9358067924672  4.144883110785867e-5
4037.017258596554  7.2433009508105e-5
4328.761281083057  0.00012657874121343982
4641.588833612777  0.0002211999451077092
4977.023564332108  0.0003865531861558624
5336.699231206308  0.0006755126709208268
5722.3676593502205  0.0011804775769991983
6135.907273413176  0.0020629180913783545
6579.332246575683  0.0036050079515733214
7054.8023107186455  0.0062998537776278955
7564.633275546291  0.011009173392300437
8111.308307896872  0.019238843163653915
8697.490026177835  0.03362042481177891
9326.0334688322  0.058752647178906665
10000.0  0.10267191952077057
